# Wavelength(nm)  Flambda(ergs/cm^s/s/nm)
100.00 4.170561e-06
101.00 1.631798e-05
102.00 4.4204e-05
103.00 9.793037e-05
104.00 0.0001905174
105.00 0.0003379696
106.00 0.0005592008
107.00 0.0008757982
108.00 0.001311637
109.00 0.00189231
110.00 0.002644415
111.00 0.003594697
112.00 0.004769022
113.00 0.006191298
114.00 0.007882239
115.00 0.00985819
116.00 0.01212982
117.00 0.0147009
118.00 0.01756731
119.00 0.02071588
120.00 0.02412367
121.00 0.02775742
122.00 0.03157312
123.00 0.03551626
124.00 0.03952204
125.00 0.04351623
126.00 0.04742432
127.00 0.05120128
128.00 0.05481699
129.00 0.05824984
130.00 0.0614871
131.00 0.06452492
132.00 0.06736802
133.00 0.07002964
134.00 0.07253064
135.00 0.07489923
136.00 0.07717043
137.00 0.07938538
138.00 0.08158982
139.00 0.08380546
140.00 0.08602685
141.00 0.08824651
142.00 0.09045695
143.00 0.09265043
144.00 0.09481917
145.00 0.09695586
146.00 0.09905313
147.00 0.1011041
148.00 0.1031023
149.00 0.1050416
150.00 0.1069164
151.00 0.1087227
152.00 0.1104634
153.00 0.1121427
154.00 0.113765
155.00 0.1153347
156.00 0.1168561
157.00 0.1183337
158.00 0.1197722
159.00 0.1211757
160.00 0.1225493
161.00 0.1238975
162.00 0.1252252
163.00 0.1265373
164.00 0.127839
165.00 0.1291355
166.00 0.1304323
167.00 0.1317352
168.00 0.1330498
169.00 0.1343827
170.00 0.1357401
171.00 0.1371288
172.00 0.1385559
173.00 0.1400289
174.00 0.1415556
175.00 0.1431442
176.00 0.1448017
177.00 0.1465277
178.00 0.1483205
179.00 0.1501778
180.00 0.1520973
181.00 0.1540764
182.00 0.1561124
183.00 0.1582023
184.00 0.1603429
185.00 0.1625308
186.00 0.1647623
187.00 0.1670336
188.00 0.1693403
189.00 0.1716781
190.00 0.1740422
191.00 0.1764277
192.00 0.1788292
193.00 0.1812412
194.00 0.1836578
195.00 0.1860729
196.00 0.1884798
197.00 0.1908718
198.00 0.1932419
199.00 0.1955826
200.00 0.197886
201.00 0.200146
202.00 0.2023627
203.00 0.2045382
204.00 0.2066745
205.00 0.2087743
206.00 0.2108399
207.00 0.2128743
208.00 0.21488
209.00 0.2168603
210.00 0.2188182
211.00 0.2207573
212.00 0.2226809
213.00 0.2245929
214.00 0.2264969
215.00 0.2283972
216.00 0.2302978
217.00 0.2322032
218.00 0.2341178
219.00 0.2360463
220.00 0.2379937
221.00 0.239965
222.00 0.2419655
223.00 0.2440006
224.00 0.2460757
225.00 0.2481971
226.00 0.2503679
227.00 0.2525815
228.00 0.2548282
229.00 0.2570982
230.00 0.259381
231.00 0.2616661
232.00 0.2639423
233.00 0.2661983
234.00 0.2684221
235.00 0.2706016
236.00 0.2727244
237.00 0.2747775
238.00 0.2767477
239.00 0.2786217
240.00 0.2803857
241.00 0.2820254
242.00 0.2835271
243.00 0.284876
244.00 0.2860574
245.00 0.287057
246.00 0.2878597
247.00 0.2884508
248.00 0.2888154
249.00 0.2889388
250.00 0.2888065
251.00 0.2420381
252.00 0.296873
253.00 0.2142853
254.00 0.1463098
255.00 0.167416
256.00 0.2358991
257.00 0.2347274
258.00 0.2544823
259.00 0.2827415
260.00 0.3076071
261.00 0.3716206
262.00 0.3468214
263.00 0.3397253
264.00 0.3272403
265.00 0.4293639
266.00 0.4359694
267.00 0.4480792
268.00 0.4890776
269.00 0.4756708
270.00 0.5248787
271.00 0.5511943
272.00 0.5634284
273.00 0.5635157
274.00 0.6153154
275.00 0.6410492
276.00 0.5925753
277.00 0.5565561
278.00 0.6426418
279.00 0.7504129
280.00 0.8817863
281.00 1.034907
282.00 1.167791
283.00 1.304058
284.00 1.419612
285.00 1.436929
286.00 1.4855
287.00 1.42376
288.00 1.456027
289.00 1.338178
290.00 1.356408
291.00 1.393256
292.00 1.404495
293.00 1.395899
294.00 1.375184
295.00 1.371649
296.00 1.310887
297.00 1.412305
298.00 1.565864
299.00 1.587593
300.00 1.614398
301.00 1.651949
302.00 1.828512
303.00 2.00439
304.00 2.121174
305.00 2.194961
306.00 2.211305
307.00 2.218111
308.00 2.240323
309.00 2.015182
310.00 1.954049
311.00 1.777519
312.00 1.657778
313.00 1.828924
314.00 1.724652
315.00 1.34201
316.00 1.594427
317.00 1.665321
318.00 1.457069
319.00 1.369465
320.00 1.547904
321.00 1.210585
322.00 1.283559
323.00 0.9718826
324.00 0.9827173
325.00 0.947917
326.00 0.8891728
327.00 0.8943275
328.00 0.9551327
329.00 1.028394
330.00 1.112078
331.00 1.193963
332.00 1.330813
333.00 1.393886
334.00 1.456408
335.00 1.502117
336.00 1.545866
337.00 1.577126
338.00 1.627141
339.00 1.712534
340.00 1.838128
341.00 1.986167
342.00 2.253753
343.00 2.437369
344.00 2.623646
345.00 2.786132
346.00 2.934739
347.00 3.152424
348.00 3.199217
349.00 3.225798
350.00 3.237797
351.00 3.133419
352.00 3.064161
353.00 2.945462
354.00 2.831784
355.00 2.698185
356.00 2.548838
357.00 2.338471
358.00 2.214651
359.00 2.058128
360.00 1.873687
361.00 1.631957
362.00 1.488484
363.00 1.349259
364.00 1.251228
365.00 1.17163
366.00 1.082982
367.00 1.06825
368.00 1.07803
369.00 1.090847
370.00 1.129028
371.00 1.249842
372.00 1.414864
373.00 1.512672
374.00 1.655077
375.00 1.802305
376.00 1.930286
377.00 2.013457
378.00 2.152092
379.00 2.252495
380.00 2.345829
381.00 2.48184
382.00 2.6779
383.00 2.752314
384.00 2.886907
385.00 3.007421
386.00 3.093282
387.00 3.181282
388.00 3.281984
389.00 3.313448
390.00 3.364458
391.00 3.35047
392.00 3.369692
393.00 3.307793
394.00 3.246385
395.00 3.151686
396.00 3.044893
397.00 2.97391
398.00 2.885882
399.00 2.831513
400.00 2.789461
401.00 2.816888
402.00 2.821757
403.00 2.861981
404.00 2.876598
405.00 2.8821
406.00 2.872524
407.00 2.886629
408.00 2.838516
409.00 2.772141
410.00 2.724802
411.00 2.654257
412.00 2.602672
413.00 2.550801
414.00 2.502973
415.00 2.444402
416.00 2.370342
417.00 2.285762
418.00 2.20268
419.00 2.11699
420.00 2.045933
421.00 1.964287
422.00 1.871295
423.00 1.83446
424.00 1.769995
425.00 1.707427
426.00 1.678149
427.00 1.627797
428.00 1.563011
429.00 1.52143
430.00 1.517928
431.00 1.553635
432.00 1.572721
433.00 1.6004
434.00 1.628791
435.00 1.673567
436.00 1.675018
437.00 1.672126
438.00 1.659987
439.00 1.648892
440.00 1.64628
441.00 1.662777
442.00 1.67024
443.00 1.684578
444.00 1.724116
445.00 1.743079
446.00 1.736827
447.00 1.72051
448.00 1.745974
449.00 1.719562
450.00 1.708483
451.00 1.680779
452.00 1.651372
453.00 1.626538
454.00 1.600819
455.00 1.560741
456.00 1.54213
457.00 1.504155
458.00 1.463285
459.00 1.433455
460.00 1.402589
461.00 1.368464
462.00 1.321278
463.00 1.278061
464.00 1.243168
465.00 1.207211
466.00 1.17415
467.00 1.138101
468.00 1.124826
469.00 1.107927
470.00 1.100938
471.00 1.083825
472.00 1.069519
473.00 1.058529
474.00 1.04996
475.00 1.046785
476.00 1.037404
477.00 1.036115
478.00 1.02486
479.00 0.9959137
480.00 0.9612038
481.00 0.9281731
482.00 0.8918148
483.00 0.8647921
484.00 0.8416569
485.00 0.8293384
486.00 0.8315052
487.00 0.8381573
488.00 0.8473994
489.00 0.8594462
490.00 0.8745663
491.00 0.890208
492.00 0.9095318
493.00 0.9171138
494.00 0.9289552
495.00 0.9388562
496.00 0.9518899
497.00 0.9694392
498.00 0.9722229
499.00 0.9758474
500.00 0.9880421
501.00 1.004227
502.00 1.020296
503.00 1.024561
504.00 1.037899
505.00 1.054951
506.00 1.077578
507.00 1.091524
508.00 1.097748
509.00 1.095505
510.00 1.093078
511.00 1.081557
512.00 1.068307
513.00 1.058211
514.00 1.051755
515.00 1.044304
516.00 1.042554
517.00 1.03785
518.00 1.02723
519.00 1.011176
520.00 0.983904
521.00 0.9545814
522.00 0.9163379
523.00 0.8809294
524.00 0.8479897
525.00 0.8219544
526.00 0.8075496
527.00 0.7888761
528.00 0.7737424
529.00 0.7661474
530.00 0.7648109
531.00 0.7690678
532.00 0.7687715
533.00 0.7693797
534.00 0.762761
535.00 0.7575785
536.00 0.7546271
537.00 0.7450856
538.00 0.7343975
539.00 0.7245156
540.00 0.7087582
541.00 0.6992538
542.00 0.6830342
543.00 0.674284
544.00 0.6717014
545.00 0.6787501
546.00 0.6880924
547.00 0.7001349
548.00 0.7111429
549.00 0.72847
550.00 0.739705
551.00 0.7456981
552.00 0.7554816
553.00 0.7614406
554.00 0.772422
555.00 0.7814271
556.00 0.7893296
557.00 0.7866616
558.00 0.788615
559.00 0.7891162
560.00 0.7906451
561.00 0.7956649
562.00 0.7925966
563.00 0.791231
564.00 0.7876151
565.00 0.7858201
566.00 0.780791
567.00 0.7729838
568.00 0.76966
569.00 0.7559079
570.00 0.744736
571.00 0.7302544
572.00 0.7158552
573.00 0.7022064
574.00 0.6956998
575.00 0.6928456
576.00 0.687866
577.00 0.6904628
578.00 0.6889642
579.00 0.6875937
580.00 0.6960568
581.00 0.6997185
582.00 0.7086636
583.00 0.7106386
584.00 0.7143003
585.00 0.7126637
586.00 0.7184953
587.00 0.7156708
588.00 0.6961904
589.00 0.6761724
590.00 0.6474612
591.00 0.6352275
592.00 0.6185071
593.00 0.6013806
594.00 0.5770914
595.00 0.5572642
596.00 0.5458658
597.00 0.5326891
598.00 0.5183929
599.00 0.5088135
600.00 0.4976099
601.00 0.4876734
602.00 0.4757294
603.00 0.4673991
604.00 0.4590573
605.00 0.4491874
606.00 0.4408849
607.00 0.4315395
608.00 0.4294814
609.00 0.4274611
610.00 0.4294939
611.00 0.4336018
612.00 0.4401747
613.00 0.456201
614.00 0.4691988
615.00 0.4904505
616.00 0.5177291
617.00 0.5427474
618.00 0.5715166
619.00 0.5996373
620.00 0.6310578
621.00 0.6584338
622.00 0.6776277
623.00 0.6971501
624.00 0.7142044
625.00 0.7278587
626.00 0.7415328
627.00 0.7481539
628.00 0.7293702
629.00 0.7365773
630.00 0.7326304
631.00 0.7358589
632.00 0.7395949
633.00 0.7476013
634.00 0.7568651
635.00 0.7696965
636.00 0.7750275
637.00 0.7832177
638.00 0.7875328
639.00 0.7881082
640.00 0.7895685
641.00 0.7885983
642.00 0.7870483
643.00 0.7855058
644.00 0.7821764
645.00 0.7803035
646.00 0.7814209
647.00 0.7755943
648.00 0.770228
649.00 0.7747645
650.00 0.7768924
651.00 0.7807929
652.00 0.766346
653.00 0.7773874
654.00 0.7721021
655.00 0.7665916
656.00 0.7626589
657.00 0.7621219
658.00 0.7573861
659.00 0.7511399
660.00 0.7474578
661.00 0.7372783
662.00 0.7220524
663.00 0.7108632
664.00 0.7074106
665.00 0.7110748
666.00 0.7131005
667.00 0.7149561
668.00 0.713275
669.00 0.7021031
670.00 0.6986685
671.00 0.6924143
672.00 0.6866508
673.00 0.6832149
674.00 0.6731202
675.00 0.665928
676.00 0.6576388
677.00 0.6531616
678.00 0.6497078
679.00 0.6467403
680.00 0.645686
681.00 0.6439758
682.00 0.640436
683.00 0.6346886
684.00 0.6253976
685.00 0.6178931
686.00 0.6164962
687.00 0.5596309
688.00 0.5816569
689.00 0.6112557
690.00 0.5981747
691.00 0.6002235
692.00 0.6039763
693.00 0.6032889
694.00 0.6111313
695.00 0.6087405
696.00 0.6088112
697.00 0.619274
698.00 0.6179252
699.00 0.6139018
700.00 0.6154085
701.00 0.6177586
702.00 0.6174326
703.00 0.6155538
704.00 0.6224147
705.00 0.627346
706.00 0.633685
707.00 0.6368356
708.00 0.6419958
709.00 0.6506644
710.00 0.6506229
711.00 0.6569012
712.00 0.659865
713.00 0.6560628
714.00 0.6467713
715.00 0.6443328
716.00 0.6395685
717.00 0.6233935
718.00 0.6204137
719.00 0.6089913
720.00 0.6110061
721.00 0.6129575
722.00 0.6087326
723.00 0.6026544
724.00 0.5924246
725.00 0.6027635
726.00 0.5944215
727.00 0.58342
728.00 0.566637
729.00 0.5686297
730.00 0.5596763
731.00 0.547869
732.00 0.5401952
733.00 0.5383561
734.00 0.5295737
735.00 0.5194646
736.00 0.5146287
737.00 0.5082708
738.00 0.5052808
739.00 0.4988837
740.00 0.4938676
741.00 0.4882867
742.00 0.4772668
743.00 0.4587946
744.00 0.4359684
745.00 0.4226012
746.00 0.409476
747.00 0.4006547
748.00 0.3940107
749.00 0.391103
750.00 0.3916078
751.00 0.396682
752.00 0.4007563
753.00 0.3953233
754.00 0.3916831
755.00 0.3890947
756.00 0.3764678
757.00 0.3654344
758.00 0.3554443
759.00 0.3448448
760.00 0.3324165
761.00 0.3263483
762.00 0.3227868
763.00 0.3232064
764.00 0.3337508
765.00 0.3357166
766.00 0.3429295
767.00 0.3488787
768.00 0.3512423
769.00 0.3599175
770.00 0.3504136
771.00 0.3517046
772.00 0.3487015
773.00 0.3400103
774.00 0.3347637
775.00 0.328792
776.00 0.3202566
777.00 0.3146119
778.00 0.3077
779.00 0.3017456
780.00 0.2921712
781.00 0.2835319
782.00 0.273272
783.00 0.265203
784.00 0.2579026
785.00 0.249509
786.00 0.2450964
787.00 0.2394726
788.00 0.2346285
789.00 0.2284819
790.00 0.2245859
791.00 0.2190932
792.00 0.2158689
793.00 0.2138739
794.00 0.2149249
795.00 0.2128862
796.00 0.2087659
797.00 0.20441
798.00 0.2053016
799.00 0.206361
800.00 0.2052522
801.00 0.2063066
802.00 0.2080995
803.00 0.2087814
804.00 0.2142203
805.00 0.2164851
806.00 0.2180279
807.00 0.2169989
808.00 0.2163064
809.00 0.2122753
810.00 0.2115592
811.00 0.2093829
812.00 0.209275
813.00 0.2081633
814.00 0.2019814
815.00 0.1977445
816.00 0.1938154
817.00 0.1875549
818.00 0.1823025
819.00 0.1817804
820.00 0.1755142
821.00 0.1791639
822.00 0.1701381
823.00 0.1538537
824.00 0.17775
825.00 0.1741482
826.00 0.1692655
827.00 0.1760288
828.00 0.1657557
829.00 0.1672412
830.00 0.1654038
831.00 0.1610881
832.00 0.1559211
833.00 0.158296
834.00 0.1528824
835.00 0.1568643
836.00 0.1559941
837.00 0.1583666
838.00 0.1600785
839.00 0.1618073
840.00 0.1611702
841.00 0.1636391
842.00 0.1632634
843.00 0.1635035
844.00 0.1629943
845.00 0.1647363
846.00 0.1638047
847.00 0.1632781
848.00 0.1642306
849.00 0.1614326
850.00 0.1645301
851.00 0.160838
852.00 0.1612294
853.00 0.1604733
854.00 0.161426
855.00 0.1597612
856.00 0.1566253
857.00 0.1554158
858.00 0.1544639
859.00 0.1520257
860.00 0.1505825
861.00 0.1498061
862.00 0.1501126
863.00 0.1480823
864.00 0.1501633
865.00 0.1495653
866.00 0.1472814
867.00 0.1438905
868.00 0.1450577
869.00 0.1412661
870.00 0.1414338
871.00 0.1404575
872.00 0.1363206
873.00 0.1381787
874.00 0.1367452
875.00 0.1344274
876.00 0.1331886
877.00 0.1318991
878.00 0.130787
879.00 0.1283941
880.00 0.1241364
881.00 0.1228553
882.00 0.1188235
883.00 0.113722
884.00 0.1104133
885.00 0.10805
886.00 0.104527
887.00 0.1020116
888.00 0.09692523
889.00 0.09772557
890.00 0.09565768
891.00 0.09637969
892.00 0.09442176
893.00 0.09427963
894.00 0.0955361
895.00 0.09326694
896.00 0.09334057
897.00 0.08920766
898.00 0.09295504
899.00 0.08550433
900.00 0.08707338
901.00 0.08559943
902.00 0.08325447
903.00 0.08459385
904.00 0.08570777
905.00 0.08348402
906.00 0.08332909
907.00 0.08157899
908.00 0.0821814
909.00 0.08227476
910.00 0.08118158
911.00 0.08308853
912.00 0.0817458
913.00 0.0804446
914.00 0.08288317
915.00 0.08103741
916.00 0.07987177
917.00 0.08180923
918.00 0.08056525
919.00 0.08464502
920.00 0.08126486
921.00 0.08300184
922.00 0.08241039
923.00 0.08130879
924.00 0.07954075
925.00 0.0791244
926.00 0.08043625
927.00 0.07799081
928.00 0.07583742
929.00 0.07440083
930.00 0.07133344
931.00 0.06513375
932.00 0.0582599
933.00 0.05710943
934.00 0.0501687
935.00 0.05306478
936.00 0.05032024
937.00 0.05375522
938.00 0.05086029
939.00 0.05891164
940.00 0.06043566
941.00 0.05909668
942.00 0.05521687
943.00 0.05026221
944.00 0.04881703
945.00 0.05072121
946.00 0.04854507
947.00 0.04951615
948.00 0.05052524
949.00 0.05050846
950.00 0.04399134
951.00 0.05045703
952.00 0.0448635
953.00 0.0459394
954.00 0.04739801
955.00 0.0457779
956.00 0.04589062
957.00 0.04288163
958.00 0.04692473
959.00 0.04294553
960.00 0.04450648
961.00 0.04357933
962.00 0.04443634
963.00 0.04351891
964.00 0.04309674
965.00 0.04274765
966.00 0.04448961
967.00 0.04012284
968.00 0.04125505
969.00 0.0404934
970.00 0.03995038
971.00 0.0407847
972.00 0.0385786
973.00 0.04025967
974.00 0.03826627
975.00 0.03780369
976.00 0.03663262
977.00 0.03860551
978.00 0.03711752
979.00 0.03637023
980.00 0.03672672
981.00 0.0345394
982.00 0.03521738
983.00 0.03564099
984.00 0.03585976
985.00 0.03532195
986.00 0.03488227
987.00 0.03416184
988.00 0.0355256
989.00 0.03367108
990.00 0.03403992
991.00 0.0309662
992.00 0.03347255
993.00 0.03045458
994.00 0.0302685
995.00 0.03293203
996.00 0.03137652
997.00 0.03126096
998.00 0.03124218
999.00 0.03128655
1000.00 0.03134863
1001.00 0.03143561
1002.00 0.03152216
1003.00 0.03160826
1004.00 0.03169393
1005.00 0.03177911
1006.00 0.03186389
1007.00 0.03194825
1008.00 0.0320322
1009.00 0.03211569
1010.00 0.03219875
1011.00 0.03228143
1012.00 0.03236369
1013.00 0.03244551
1014.00 0.03252696
1015.00 0.03260803
1016.00 0.03268864
1017.00 0.03276895
1018.00 0.03284883
1019.00 0.03292833
1020.00 0.03300748
1021.00 0.03308621
1022.00 0.0331646
1023.00 0.03324268
1024.00 0.03332037
1025.00 0.03339766
1026.00 0.03347464
1027.00 0.03355125
1028.00 0.03362755
1029.00 0.03370355
1030.00 0.03377919
1031.00 0.03385448
1032.00 0.03392952
1033.00 0.03400421
1034.00 0.03407858
1035.00 0.03415269
1036.00 0.03422646
1037.00 0.03429996
1038.00 0.03437316
1039.00 0.0344461
1040.00 0.03451872
1041.00 0.03459115
1042.00 0.03466323
1043.00 0.03473508
1044.00 0.03480671
1045.00 0.03487806
1046.00 0.03494915
1047.00 0.03502002
1048.00 0.03509063
1049.00 0.03516096
1050.00 0.03523111
1051.00 0.03530097
1052.00 0.03537058
1053.00 0.03543998
1054.00 0.03550916
1055.00 0.0355781
1056.00 0.03564677
1057.00 0.03571525
1058.00 0.03578353
1059.00 0.03585154
1060.00 0.03591935
1061.00 0.03598689
1062.00 0.03605428
1063.00 0.03612143
1064.00 0.03618835
1065.00 0.0362551
1066.00 0.03632159
1067.00 0.03638787
1068.00 0.036454
1069.00 0.0365199
1070.00 0.03658561
1071.00 0.03665106
1072.00 0.03671638
1073.00 0.03678148
1074.00 0.03684639
1075.00 0.03691116
1076.00 0.03697572
1077.00 0.03704006
1078.00 0.03710422
1079.00 0.03716821
1080.00 0.037232
1081.00 0.03729563
1082.00 0.0373591
1083.00 0.03742236
1084.00 0.03748545
1085.00 0.03754843
1086.00 0.03761122
1087.00 0.03767375
1088.00 0.03773623
1089.00 0.03779851
1090.00 0.03786063
1091.00 0.03792262
1092.00 0.03798441
1093.00 0.03804608
1094.00 0.0381076
1095.00 0.03816893
1096.00 0.03823016
1097.00 0.03829121
1098.00 0.03835212
1099.00 0.03841291
1100.00 0.03847356
1101.00 0.03853403
1102.00 0.03859441
1103.00 0.03865465
1104.00 0.03871473
1105.00 0.03877475
1106.00 0.03883463
1107.00 0.03889427
1108.00 0.03895393
1109.00 0.03901342
1110.00 0.03907275
1111.00 0.03913195
1112.00 0.03919114
1113.00 0.03925015
1114.00 0.03930905
1115.00 0.03936786
1116.00 0.03942654
1117.00 0.03948512
1118.00 0.03954365
1119.00 0.03960199
1120.00 0.0396603
1121.00 0.0397185
1122.00 0.03977661
1123.00 0.03983461
1124.00 0.03989251
1125.00 0.03995035
1126.00 0.04000809
1127.00 0.04006575
1128.00 0.04012331
1129.00 0.04018078
1130.00 0.04023821
1131.00 0.04017987
1132.00 0.04012177
1133.00 0.04006393
1134.00 0.04000635
1135.00 0.03994906
1136.00 0.039892
1137.00 0.03983517
1138.00 0.03977863
1139.00 0.03972234
1140.00 0.0396663
1141.00 0.03961057
1142.00 0.03955503
1143.00 0.03949979
1144.00 0.03944478
1145.00 0.03939007
1146.00 0.03933557
1147.00 0.03928133
1148.00 0.0392274
1149.00 0.03917366
1150.00 0.03912022
1151.00 0.03906701
1152.00 0.03901405
1153.00 0.03896136
1154.00 0.03890889
1155.00 0.03885673
1156.00 0.03880476
1157.00 0.03875312
1158.00 0.03870168
1159.00 0.0386505
1160.00 0.03859959
1161.00 0.03854891
1162.00 0.03849852
1163.00 0.03844836
1164.00 0.03839844
1165.00 0.03834878
1166.00 0.03829937
1167.00 0.03825024
1168.00 0.03820134
1169.00 0.03815267
1170.00 0.03810426
1171.00 0.03805612
1172.00 0.03800823
1173.00 0.03796055
1174.00 0.03791315
1175.00 0.03786602
1176.00 0.03781914
1177.00 0.0377725
1178.00 0.03772609
1179.00 0.03767991
1180.00 0.03763403
1181.00 0.03758838
1182.00 0.03754301
1183.00 0.03749786
1184.00 0.03745293
1185.00 0.03740832
1186.00 0.03736389
1187.00 0.03731972
1188.00 0.03727581
1189.00 0.0372322
1190.00 0.03718875
1191.00 0.03714557
1192.00 0.03710266
1193.00 0.03706
1194.00 0.03701758
1195.00 0.03697538
1196.00 0.03693347
1197.00 0.03689179
1198.00 0.03685034
1199.00 0.03680915
1200.00 0.03676822
1201.00 0.03672752
1202.00 0.03668704
1203.00 0.03664686
1204.00 0.03660689
1205.00 0.03656721
1206.00 0.03652771
1207.00 0.03648849
1208.00 0.03644952
1209.00 0.03641079
1210.00 0.03637228
1211.00 0.03633401
1212.00 0.03629603
1213.00 0.03625829
1214.00 0.03622079
1215.00 0.03618352
1216.00 0.03614648
1217.00 0.03610974
1218.00 0.03607316
1219.00 0.0360369
1220.00 0.03600085
1221.00 0.03596501
1222.00 0.03592952
1223.00 0.03589419
1224.00 0.03585912
1225.00 0.0358243
1226.00 0.0357897
1227.00 0.03575537
1228.00 0.03572128
1229.00 0.03568742
1230.00 0.03565377
1231.00 0.03562045
1232.00 0.03558731
1233.00 0.03555444
1234.00 0.03552179
1235.00 0.03548938
1236.00 0.03545725
1237.00 0.03542531
1238.00 0.03539364
1239.00 0.03536223
1240.00 0.03533107
1241.00 0.03530009
1242.00 0.03526941
1243.00 0.03523895
1244.00 0.03520869
1245.00 0.03517876
1246.00 0.03514907
1247.00 0.03511953
1248.00 0.0350903
1249.00 0.03506128
1250.00 0.03503252
1251.00 0.03502804
1252.00 0.03502372
1253.00 0.03501958
1254.00 0.03501561
1255.00 0.03501178
1256.00 0.03500815
1257.00 0.03500468
1258.00 0.03500143
1259.00 0.03499832
1260.00 0.03499535
1261.00 0.03499258
1262.00 0.03498997
1263.00 0.03498758
1264.00 0.03498531
1265.00 0.03498326
1266.00 0.0349814
1267.00 0.03497968
1268.00 0.03497814
1269.00 0.03497679
1270.00 0.03497559
1271.00 0.03497464
1272.00 0.03497378
1273.00 0.03497321
1274.00 0.03497276
1275.00 0.03497247
1276.00 0.03497238
1277.00 0.03497252
1278.00 0.03497281
1279.00 0.0349733
1280.00 0.03497396
1281.00 0.03497479
1282.00 0.03497584
1283.00 0.03497706
1284.00 0.03497849
1285.00 0.03498006
1286.00 0.03498182
1287.00 0.03498381
1288.00 0.034986
1289.00 0.03498833
1290.00 0.03499084
1291.00 0.0349936
1292.00 0.03499649
1293.00 0.03499957
1294.00 0.03500283
1295.00 0.03500626
1296.00 0.03500991
1297.00 0.03501368
1298.00 0.03501762
1299.00 0.03502176
1300.00 0.03502608
1301.00 0.03503055
1302.00 0.03503524
1303.00 0.03504006
1304.00 0.03504506
1305.00 0.03505022
1306.00 0.03505553
1307.00 0.03506104
1308.00 0.03506671
1309.00 0.03507256
1310.00 0.03507849
1311.00 0.03508466
1312.00 0.03509097
1313.00 0.03509745
1314.00 0.03510406
1315.00 0.03511086
1316.00 0.03511777
1317.00 0.03512487
1318.00 0.03513214
1319.00 0.03513955
1320.00 0.03514709
1321.00 0.03515478
1322.00 0.03516261
1323.00 0.03517064
1324.00 0.03517878
1325.00 0.03518705
1326.00 0.03519548
1327.00 0.03520408
1328.00 0.03521283
1329.00 0.03522164
1330.00 0.03523068
1331.00 0.0352398
1332.00 0.03524905
1333.00 0.03525851
1334.00 0.03526806
1335.00 0.03527774
1336.00 0.03528757
1337.00 0.03529748
1338.00 0.03530756
1339.00 0.03531783
1340.00 0.03532811
1341.00 0.03533859
1342.00 0.0353492
1343.00 0.03535991
1344.00 0.03537076
1345.00 0.03538167
1346.00 0.03539278
1347.00 0.03540402
1348.00 0.03541533
1349.00 0.03542676
1350.00 0.03543831
1351.00 0.03545005
1352.00 0.03546178
1353.00 0.03547368
1354.00 0.03548572
1355.00 0.03549784
1356.00 0.03551004
1357.00 0.03552242
1358.00 0.03553484
1359.00 0.0355474
1360.00 0.03556009
1361.00 0.03557284
1362.00 0.0355857
1363.00 0.03559868
1364.00 0.03561178
1365.00 0.03562493
1366.00 0.03563819
1367.00 0.03565156
1368.00 0.03566506
1369.00 0.03567858
1370.00 0.03569219
1371.00 0.03551806
1372.00 0.03534381
1373.00 0.03516947
1374.00 0.03499511
1375.00 0.03482069
1376.00 0.03464622
1377.00 0.03447161
1378.00 0.034297
1379.00 0.03412228
1380.00 0.03394752
1381.00 0.0337726
1382.00 0.03359772
1383.00 0.03342267
1384.00 0.03324759
1385.00 0.03307235
1386.00 0.0328971
1387.00 0.03272169
1388.00 0.03254621
1389.00 0.03237069
1390.00 0.03219499
1391.00 0.03201923
1392.00 0.03184339
1393.00 0.03166738
1394.00 0.03149131
1395.00 0.03131512
1396.00 0.03113879
1397.00 0.03096242
1398.00 0.0307859
1399.00 0.0306092
1400.00 0.03043247
1401.00 0.03025558
1402.00 0.03007858
1403.00 0.02990144
1404.00 0.02972414
1405.00 0.02954675
1406.00 0.02936921
1407.00 0.02919157
1408.00 0.02901379
1409.00 0.02883584
1410.00 0.02865779
1411.00 0.02847953
1412.00 0.02830125
1413.00 0.02812273
1414.00 0.0279441
1415.00 0.02776531
1416.00 0.02758639
1417.00 0.02740732
1418.00 0.0272281
1419.00 0.02704869
1420.00 0.02686917
1421.00 0.02668949
1422.00 0.02650964
1423.00 0.02632964
1424.00 0.02614946
1425.00 0.02596914
1426.00 0.02578867
1427.00 0.02560799
1428.00 0.02542718
1429.00 0.02524625
1430.00 0.02506504
1431.00 0.02488376
1432.00 0.02470227
1433.00 0.02452062
1434.00 0.0243388
1435.00 0.02415681
1436.00 0.02397464
1437.00 0.0237923
1438.00 0.02360979
1439.00 0.02342707
1440.00 0.02324422
1441.00 0.02306118
1442.00 0.02287792
1443.00 0.02269451
1444.00 0.02251094
1445.00 0.02232719
1446.00 0.0221432
1447.00 0.02195909
1448.00 0.02177478
1449.00 0.02159024
1450.00 0.02140556
1451.00 0.02122069
1452.00 0.02103561
1453.00 0.02085037
1454.00 0.02066495
1455.00 0.02047931
1456.00 0.0202935
1457.00 0.0201075
1458.00 0.01992132
1459.00 0.01973494
1460.00 0.01954837
1461.00 0.01936161
1462.00 0.01917467
1463.00 0.01898751
1464.00 0.01880017
1465.00 0.01861266
1466.00 0.01842493
1467.00 0.01823704
1468.00 0.01804896
1469.00 0.01786064
1470.00 0.01767216
1471.00 0.01748348
1472.00 0.01729462
1473.00 0.01710554
1474.00 0.01691631
1475.00 0.01672687
1476.00 0.01653723
1477.00 0.0163474
1478.00 0.01615738
1479.00 0.01596716
1480.00 0.01577676
1481.00 0.01558618
1482.00 0.01539539
1483.00 0.01520441
1484.00 0.01501326
1485.00 0.0148219
1486.00 0.01463035
1487.00 0.01443864
1488.00 0.01424672
1489.00 0.01405462
1490.00 0.01386233
1491.00 0.01366987
1492.00 0.01347723
1493.00 0.0132844
1494.00 0.01309138
1495.00 0.0128982
1496.00 0.01270483
1497.00 0.01251128
1498.00 0.01231757
1499.00 0.01212367
1500.00 0.0119296
1501.00 0.01193428
1502.00 0.01193894
1503.00 0.0119436
1504.00 0.01194823
1505.00 0.01195285
1506.00 0.01195744
1507.00 0.01196202
1508.00 0.01196659
1509.00 0.01197112
1510.00 0.01197566
1511.00 0.01198018
1512.00 0.01198465
1513.00 0.01198915
1514.00 0.01199361
1515.00 0.01199806
1516.00 0.01200249
1517.00 0.0120069
1518.00 0.0120113
1519.00 0.01201568
1520.00 0.01202005
1521.00 0.0120244
1522.00 0.01202875
1523.00 0.01203305
1524.00 0.01203736
1525.00 0.01204165
1526.00 0.01204592
1527.00 0.01205018
1528.00 0.01205442
1529.00 0.01205864
1530.00 0.01206285
1531.00 0.01206705
1532.00 0.01207123
1533.00 0.0120754
1534.00 0.01207954
1535.00 0.01208367
1536.00 0.01208779
1537.00 0.0120919
1538.00 0.01209598
1539.00 0.01210005
1540.00 0.01210411
1541.00 0.01210816
1542.00 0.01211219
1543.00 0.0121162
1544.00 0.01212021
1545.00 0.0121242
1546.00 0.01212816
1547.00 0.01213212
1548.00 0.01213607
1549.00 0.01214
1550.00 0.01214391
1551.00 0.01214781
1552.00 0.0121517
1553.00 0.01215556
1554.00 0.01215944
1555.00 0.01216327
1556.00 0.0121671
1557.00 0.01217092
1558.00 0.01217473
1559.00 0.01217851
1560.00 0.01218229
1561.00 0.01218606
1562.00 0.01218981
1563.00 0.01219354
1564.00 0.01219727
1565.00 0.01220098
1566.00 0.01220467
1567.00 0.01220835
1568.00 0.01221203
1569.00 0.01221569
1570.00 0.01221934
1571.00 0.01222296
1572.00 0.01222658
1573.00 0.01223019
1574.00 0.01223379
1575.00 0.01223737
1576.00 0.01224094
1577.00 0.0122445
1578.00 0.01224805
1579.00 0.01225157
1580.00 0.01225509
1581.00 0.01225859
1582.00 0.01226209
1583.00 0.01226559
1584.00 0.01226905
1585.00 0.01227251
1586.00 0.01227596
1587.00 0.0122794
1588.00 0.01228282
1589.00 0.01228623
1590.00 0.01228963
1591.00 0.01229303
1592.00 0.01229641
1593.00 0.01229977
1594.00 0.01230313
1595.00 0.01230648
1596.00 0.01230981
1597.00 0.01231313
1598.00 0.01231645
1599.00 0.01231975
1600.00 0.01232304
1601.00 0.01232632
1602.00 0.01232959
1603.00 0.01233284
1604.00 0.01233609
1605.00 0.01233934
1606.00 0.01234256
1607.00 0.01234577
1608.00 0.01234898
1609.00 0.01235218
1610.00 0.01235536
1611.00 0.01235853
1612.00 0.01236171
1613.00 0.01236486
1614.00 0.01236801
1615.00 0.01237114
1616.00 0.01237427
1617.00 0.01237739
1618.00 0.01238049
1619.00 0.0123836
1620.00 0.01238668
1621.00 0.01238975
1622.00 0.01239283
1623.00 0.01239588
1624.00 0.01239894
1625.00 0.01240197
1626.00 0.01240178
1627.00 0.0124016
1628.00 0.01240139
1629.00 0.01240119
1630.00 0.01240098
1631.00 0.01240078
1632.00 0.01240056
1633.00 0.01240035
1634.00 0.01240012
1635.00 0.0123999
1636.00 0.01239968
1637.00 0.01239944
1638.00 0.0123992
1639.00 0.01239896
1640.00 0.01239871
1641.00 0.01239847
1642.00 0.01239821
1643.00 0.01239796
1644.00 0.01239769
1645.00 0.01239744
1646.00 0.01239717
1647.00 0.0123969
1648.00 0.01239663
1649.00 0.01239635
1650.00 0.01239608
1651.00 0.0123958
1652.00 0.01239551
1653.00 0.01239522
1654.00 0.01239493
1655.00 0.01239464
1656.00 0.01239435
1657.00 0.01239404
1658.00 0.01239376
1659.00 0.01239344
1660.00 0.01239315
1661.00 0.01239284
1662.00 0.01239253
1663.00 0.01239222
1664.00 0.01239191
1665.00 0.01239159
1666.00 0.01239127
1667.00 0.01239094
1668.00 0.01239064
1669.00 0.01239031
1670.00 0.01238998
1671.00 0.01238966
1672.00 0.01238933
1673.00 0.012389
1674.00 0.01238868
1675.00 0.01238834
1676.00 0.012388
1677.00 0.01238768
1678.00 0.01238734
1679.00 0.012387
1680.00 0.01238666
1681.00 0.01238633
1682.00 0.01238599
1683.00 0.01238565
1684.00 0.01238531
1685.00 0.01238496
1686.00 0.01238463
1687.00 0.01238427
1688.00 0.01238393
1689.00 0.01238359
1690.00 0.01238324
1691.00 0.01238289
1692.00 0.01238253
1693.00 0.01238219
1694.00 0.01238183
1695.00 0.01238148
1696.00 0.01238114
1697.00 0.01238078
1698.00 0.01238042
1699.00 0.01238006
1700.00 0.01237971
1701.00 0.01237935
1702.00 0.01237899
1703.00 0.01237862
1704.00 0.01237827
1705.00 0.0123779
1706.00 0.01237754
1707.00 0.01237718
1708.00 0.01237682
1709.00 0.01237645
1710.00 0.01237607
1711.00 0.01237572
1712.00 0.01237534
1713.00 0.01237497
1714.00 0.0123746
1715.00 0.01237422
1716.00 0.01237385
1717.00 0.01237347
1718.00 0.0123731
1719.00 0.01237272
1720.00 0.01237234
1721.00 0.01237196
1722.00 0.01237158
1723.00 0.01237119
1724.00 0.01237081
1725.00 0.01237044
1726.00 0.01237005
1727.00 0.01236966
1728.00 0.01236927
1729.00 0.01236889
1730.00 0.0123685
1731.00 0.01236812
1732.00 0.01236772
1733.00 0.01236732
1734.00 0.01236694
1735.00 0.01236654
1736.00 0.01236614
1737.00 0.01236575
1738.00 0.01236535
1739.00 0.01236495
1740.00 0.01236455
1741.00 0.01236414
1742.00 0.01236374
1743.00 0.01236334
1744.00 0.01236293
1745.00 0.01236252
1746.00 0.01236212
1747.00 0.01236171
1748.00 0.0123613
1749.00 0.0123609
1750.00 0.01236049
1751.00 0.01236006
1752.00 0.01235965
1753.00 0.01235924
1754.00 0.01235883
1755.00 0.0123584
1756.00 0.01235798
1757.00 0.01235755
1758.00 0.01235713
1759.00 0.01235671
1760.00 0.0123563
1761.00 0.01235586
1762.00 0.01235544
1763.00 0.01235501
1764.00 0.01235459
1765.00 0.01235415
1766.00 0.01235372
1767.00 0.01235328
1768.00 0.01235285
1769.00 0.01235241
1770.00 0.01235198
1771.00 0.01235154
1772.00 0.0123511
1773.00 0.01235066
1774.00 0.01235022
1775.00 0.01234977
1776.00 0.01234933
1777.00 0.0123489
1778.00 0.01234845
1779.00 0.01234798
1780.00 0.01234754
1781.00 0.01234709
1782.00 0.01234664
1783.00 0.01234619
1784.00 0.01234573
1785.00 0.01234529
1786.00 0.01234482
1787.00 0.01234436
1788.00 0.0123439
1789.00 0.01234345
1790.00 0.01234298
1791.00 0.01234252
1792.00 0.01234204
1793.00 0.01234158
1794.00 0.01234111
1795.00 0.01234064
1796.00 0.01234018
1797.00 0.0123397
1798.00 0.01233923
1799.00 0.01233876
1800.00 0.01233828
1801.00 0.01230293
1802.00 0.01226757
1803.00 0.01223223
1804.00 0.01219688
1805.00 0.01216153
1806.00 0.01212618
1807.00 0.01209084
1808.00 0.01205549
1809.00 0.01202016
1810.00 0.0119848
1811.00 0.01194947
1812.00 0.01191414
1813.00 0.01187881
1814.00 0.01184346
1815.00 0.01180814
1816.00 0.01177279
1817.00 0.01173747
1818.00 0.01170213
1819.00 0.01166681
1820.00 0.01163149
1821.00 0.01159616
1822.00 0.01156084
1823.00 0.01152551
1824.00 0.01149019
1825.00 0.01145487
1826.00 0.01141956
1827.00 0.01138424
1828.00 0.01134893
1829.00 0.01131361
1830.00 0.0112783
1831.00 0.011243
1832.00 0.01120769
1833.00 0.01117238
1834.00 0.01113708
1835.00 0.01110177
1836.00 0.01106648
1837.00 0.01103117
1838.00 0.01099588
1839.00 0.01096058
1840.00 0.01092528
1841.00 0.01089
1842.00 0.0108547
1843.00 0.01081942
1844.00 0.01078412
1845.00 0.01074884
1846.00 0.01071356
1847.00 0.01067828
1848.00 0.010643
1849.00 0.01060772
1850.00 0.01057244
1851.00 0.01053717
1852.00 0.01050189
1853.00 0.01046663
1854.00 0.01043136
1855.00 0.01039609
1856.00 0.01036083
1857.00 0.01032556
1858.00 0.0102903
1859.00 0.01025504
1860.00 0.01021977
1861.00 0.01018452
1862.00 0.01014926
1863.00 0.01011401
1864.00 0.01007876
1865.00 0.01004352
1866.00 0.01000826
1867.00 0.009973021
1868.00 0.009937778
1869.00 0.009902541
1870.00 0.009867298
1871.00 0.009832061
1872.00 0.00979683
1873.00 0.009761593
1874.00 0.009726362
1875.00 0.009691131
1876.00 0.009655906
1877.00 0.009620681
1878.00 0.009585463
1879.00 0.009550244
1880.00 0.009515026
1881.00 0.009479807
1882.00 0.009444589
1883.00 0.009409383
1884.00 0.00937417
1885.00 0.009338958
1886.00 0.009303758
1887.00 0.009268552
1888.00 0.009233352
1889.00 0.009198152
1890.00 0.009162958
1891.00 0.00912777
1892.00 0.009092577
1893.00 0.00905737
1894.00 0.009022189
1895.00 0.008987001
1896.00 0.008951826
1897.00 0.008916632
1898.00 0.008881463
1899.00 0.008846282
1900.00 0.008811113
1901.00 0.008775938
1902.00 0.008740775
1903.00 0.008705612
1904.00 0.008670437
1905.00 0.00863528
1906.00 0.008600117
1907.00 0.008564961
1908.00 0.008529816
1909.00 0.00849466
1910.00 0.008459509
1911.00 0.008424359
1912.00 0.008389214
1913.00 0.00835407
1914.00 0.008318932
1915.00 0.0082838
1916.00 0.008248662
1917.00 0.00821353
1918.00 0.008178398
1919.00 0.008143272
1920.00 0.00810814
1921.00 0.008073027
1922.00 0.008037908
1923.00 0.008002788
1924.00 0.007967681
1925.00 0.007932567
1926.00 0.00789746
1927.00 0.007862347
1928.00 0.007827252
1929.00 0.007792145
1930.00 0.00775705
1931.00 0.007721949
1932.00 0.007686861
1933.00 0.007651772
1934.00 0.007616683
1935.00 0.007581601
1936.00 0.007546525
1937.00 0.007511436
1938.00 0.00747636
1939.00 0.00744129
1940.00 0.007406214
1941.00 0.007371156
1942.00 0.007336086
1943.00 0.007301035
1944.00 0.007265971
1945.00 0.007230913
1946.00 0.007195862
1947.00 0.007160816
1948.00 0.007125765
1949.00 0.007090719
1950.00 0.00705568
1951.00 0.007020641
1952.00 0.006985602
1953.00 0.006950575
1954.00 0.006915549
1955.00 0.006880522
1956.00 0.006845501
1957.00 0.006810481
1958.00 0.006775466
1959.00 0.006740446
1960.00 0.006705444
1961.00 0.006670436
1962.00 0.006635428
1963.00 0.006600426
1964.00 0.00656543
1965.00 0.006530434
1966.00 0.006495451
1967.00 0.006460455
1968.00 0.006425478
1969.00 0.006390494
1970.00 0.006355523
1971.00 0.00632054
1972.00 0.006285575
1973.00 0.006250616
1974.00 0.006215651
1975.00 0.006180691
1976.00 0.006145737
1977.00 0.006110785
1978.00 0.006075836
1979.00 0.006040896
1980.00 0.006005955
1981.00 0.005971024
1982.00 0.005936088
1983.00 0.005901163
1984.00 0.005866239
1985.00 0.00583132
1986.00 0.005796406
1987.00 0.005761492
1988.00 0.005726587
1989.00 0.005691686
1990.00 0.005656781
1991.00 0.005621887
1992.00 0.005587002
1993.00 0.005552114
1994.00 0.005517233
1995.00 0.005482354
1996.00 0.005447478
1997.00 0.005412611
1998.00 0.005377746
1999.00 0.005342886
2000.00 0.00530803
2001.00 0.005273179
2002.00 0.005238335
2003.00 0.005203486
2004.00 0.00516865
2005.00 0.005133819
2006.00 0.005098987
2007.00 0.005064164
2008.00 0.005029345
2009.00 0.004994527
2010.00 0.00495972
2011.00 0.004959408
2012.00 0.004959106
2013.00 0.004958792
2014.00 0.004958483
2015.00 0.004958181
2016.00 0.004957871
2017.00 0.004957567
2018.00 0.004957257
2019.00 0.004956951
2020.00 0.004956647
2021.00 0.00495634
2022.00 0.004956039
2023.00 0.004955734
2024.00 0.004955432
2025.00 0.004955128
2026.00 0.004954826
2027.00 0.004954527
2028.00 0.004954226
2029.00 0.004953921
2030.00 0.004953625
2031.00 0.004953324
2032.00 0.004953031
2033.00 0.004952734
2034.00 0.004952434
2035.00 0.004952141
2036.00 0.004951845
2037.00 0.004951553
2038.00 0.004951259
2039.00 0.004950963
2040.00 0.004950674
2041.00 0.004950383
2042.00 0.004950092
2043.00 0.004949807
2044.00 0.004949519
2045.00 0.004949236
2046.00 0.004948944
2047.00 0.004948662
2048.00 0.004948378
2049.00 0.004948095
2050.00 0.004947813
2051.00 0.004947533
2052.00 0.004947255
2053.00 0.004946979
2054.00 0.004946696
2055.00 0.004946421
2056.00 0.00494615
2057.00 0.004945873
2058.00 0.004945605
2059.00 0.004945337
2060.00 0.004945066
2061.00 0.004944795
2062.00 0.004944533
2063.00 0.004944264
2064.00 0.004944002
2065.00 0.004943739
2066.00 0.004943476
2067.00 0.004943217
2068.00 0.00494296
2069.00 0.004942704
2070.00 0.004942445
2071.00 0.004942193
2072.00 0.004941944
2073.00 0.004941691
2074.00 0.00494144
2075.00 0.004941194
2076.00 0.004940948
2077.00 0.004940703
2078.00 0.004940458
2079.00 0.004940222
2080.00 0.004939983
2081.00 0.004939741
2082.00 0.004939506
2083.00 0.004939273
2084.00 0.004939039
2085.00 0.004938815
2086.00 0.004938582
2087.00 0.004938356
2088.00 0.004938134
2089.00 0.004937908
2090.00 0.004937688
2091.00 0.004937467
2092.00 0.004937249
2093.00 0.004937033
2094.00 0.004936819
2095.00 0.004936607
2096.00 0.0049364
2097.00 0.004936193
2098.00 0.004935992
2099.00 0.004935785
2100.00 0.004935587
2101.00 0.004935386
2102.00 0.00493519
2103.00 0.004934993
2104.00 0.004934803
2105.00 0.004934613
2106.00 0.004934422
2107.00 0.004934239
2108.00 0.004934057
2109.00 0.004933874
2110.00 0.004933693
2111.00 0.00493352
2112.00 0.004933345
2113.00 0.004933174
2114.00 0.004932999
2115.00 0.004932838
2116.00 0.004932668
2117.00 0.004932511
2118.00 0.004932349
2119.00 0.004932192
2120.00 0.004932039
2121.00 0.004931884
2122.00 0.004931736
2123.00 0.00493159
2124.00 0.004931446
2125.00 0.004931305
2126.00 0.004931162
2127.00 0.004931027
2128.00 0.004930894
2129.00 0.004930762
2130.00 0.004930631
2131.00 0.004930507
2132.00 0.004930381
2133.00 0.004930264
2134.00 0.004930144
2135.00 0.004930033
2136.00 0.004929921
2137.00 0.004929812
2138.00 0.0049297
2139.00 0.004929599
2140.00 0.0049295
2141.00 0.004929401
2142.00 0.004929308
2143.00 0.004929217
2144.00 0.004929133
2145.00 0.004929042
2146.00 0.004928962
2147.00 0.004928883
2148.00 0.004928807
2149.00 0.004928734
2150.00 0.004928664
2151.00 0.004928595
2152.00 0.004928533
2153.00 0.00492847
2154.00 0.004928417
2155.00 0.004928358
2156.00 0.004928306
2157.00 0.004928264
2158.00 0.004928218
2159.00 0.004928177
2160.00 0.004928138
2161.00 0.004928104
2162.00 0.004928072
2163.00 0.004928044
2164.00 0.004928018
2165.00 0.004927994
2166.00 0.004927983
2167.00 0.004927969
2168.00 0.004927953
2169.00 0.004927952
2170.00 0.004927945
2171.00 0.004927946
2172.00 0.004927952
2173.00 0.004927957
2174.00 0.004927966
2175.00 0.004927983
2176.00 0.004928
2177.00 0.004928021
2178.00 0.004928046
2179.00 0.004928078
2180.00 0.004928109
2181.00 0.004928147
2182.00 0.004928187
2183.00 0.004928231
2184.00 0.004928279
2185.00 0.004928327
2186.00 0.004928382
2187.00 0.004928445
2188.00 0.004928509
2189.00 0.004928575
2190.00 0.004928651
2191.00 0.004928721
2192.00 0.004928799
2193.00 0.004928882
2194.00 0.004928971
2195.00 0.004929057
2196.00 0.004929154
2197.00 0.004929255
2198.00 0.004929358
2199.00 0.004929463
2200.00 0.004929582
2201.00 0.004929693
2202.00 0.004929813
2203.00 0.00492994
2204.00 0.004930065
2205.00 0.004930197
2206.00 0.004930335
2207.00 0.004930475
2208.00 0.004930622
2209.00 0.004930774
2210.00 0.004930921
2211.00 0.004931078
2212.00 0.004931249
2213.00 0.004931411
2214.00 0.004931584
2215.00 0.004931761
2216.00 0.004931944
2217.00 0.004932124
2218.00 0.004932314
2219.00 0.004932514
2220.00 0.004932704
2221.00 0.004932911
2222.00 0.004933122
2223.00 0.004933333
2224.00 0.004933547
2225.00 0.00493377
2226.00 0.004933999
2227.00 0.004934229
2228.00 0.004934459
2229.00 0.004934703
2230.00 0.004934951
2231.00 0.004935196
2232.00 0.00493545
2233.00 0.004935711
2234.00 0.004935978
2235.00 0.004936246
2236.00 0.004936519
2237.00 0.0049368
2238.00 0.004937082
2239.00 0.004937373
2240.00 0.004937666
2241.00 0.004937965
2242.00 0.004938265
2243.00 0.00493858
2244.00 0.004938884
2245.00 0.004939206
2246.00 0.004939529
2247.00 0.004939858
2248.00 0.00494019
2249.00 0.004940523
2250.00 0.004940863
2251.00 0.004941213
2252.00 0.004941566
2253.00 0.00494192
2254.00 0.004942275
2255.00 0.004942648
2256.00 0.004943015
2257.00 0.00494339
2258.00 0.00494377
2259.00 0.004944151
2260.00 0.004944539
2261.00 0.004944936
2262.00 0.004945326
2263.00 0.004945729
2264.00 0.004946134
2265.00 0.00494655
2266.00 0.004946957
2267.00 0.004947381
2268.00 0.004947804
2269.00 0.00494823
2270.00 0.004948661
2271.00 0.004949098
2272.00 0.004949541
2273.00 0.004949986
2274.00 0.004950435
2275.00 0.004950887
2276.00 0.004951347
2277.00 0.004951806
2278.00 0.004952273
2279.00 0.004952745
2280.00 0.004953216
2281.00 0.004953698
2282.00 0.00495418
2283.00 0.004954669
2284.00 0.00495516
2285.00 0.004955656
2286.00 0.004956154
2287.00 0.004956657
2288.00 0.004957164
2289.00 0.004957674
2290.00 0.004958192
2291.00 0.004958715
2292.00 0.004959236
2293.00 0.004959764
2294.00 0.004960291
2295.00 0.004960831
2296.00 0.004961374
2297.00 0.004961912
2298.00 0.004962462
2299.00 0.004963007
2300.00 0.00496356
2301.00 0.004964124
2302.00 0.004964684
2303.00 0.004965254
2304.00 0.004965822
2305.00 0.004966394
2306.00 0.004966971
2307.00 0.004967551
2308.00 0.004968138
2309.00 0.004968722
2310.00 0.004969315
2311.00 0.004969913
2312.00 0.00497051
2313.00 0.004971113
2314.00 0.004971719
2315.00 0.004972331
2316.00 0.004972941
2317.00 0.004973557
2318.00 0.004974178
2319.00 0.004974803
2320.00 0.00497543
2321.00 0.004976065
2322.00 0.004976696
2323.00 0.004977336
2324.00 0.004977973
2325.00 0.00497862
2326.00 0.00497927
2327.00 0.004979919
2328.00 0.004980574
2329.00 0.004981229
2330.00 0.004981889
2331.00 0.004982554
2332.00 0.004983223
2333.00 0.004983891
2334.00 0.00498457
2335.00 0.004985245
2336.00 0.004985924
2337.00 0.004986608
2338.00 0.004987294
2339.00 0.004987985
2340.00 0.004988678
2341.00 0.004989372
2342.00 0.004990072
2343.00 0.004990777
2344.00 0.004991482
2345.00 0.004992191
2346.00 0.004992901
2347.00 0.004993616
2348.00 0.004994329
2349.00 0.00499505
2350.00 0.004995775
2351.00 0.0049965
2352.00 0.004997227
2353.00 0.004997964
2354.00 0.004998696
2355.00 0.004999435
2356.00 0.005000172
2357.00 0.005000917
2358.00 0.005001666
2359.00 0.005002414
2360.00 0.005003162
2361.00 0.00500392
2362.00 0.005004676
2363.00 0.005005432
2364.00 0.005006196
2365.00 0.005006961
2366.00 0.00500773
2367.00 0.005008501
2368.00 0.005009272
2369.00 0.005010048
2370.00 0.005010828
2371.00 0.005011609
2372.00 0.005012392
2373.00 0.005013178
2374.00 0.005013962
2375.00 0.005014755
2376.00 0.005015546
2377.00 0.005016343
2378.00 0.005017141
2379.00 0.005017938
2380.00 0.005018748
2381.00 0.005019549
2382.00 0.005020357
2383.00 0.005021168
2384.00 0.005021982
2385.00 0.005022795
2386.00 0.00502361
2387.00 0.00502443
2388.00 0.005025254
2389.00 0.005026077
2390.00 0.005026898
2391.00 0.00502773
2392.00 0.005028558
2393.00 0.005029394
2394.00 0.005030225
2395.00 0.005031065
2396.00 0.005031901
2397.00 0.005032744
2398.00 0.005033582
2399.00 0.005034434
2400.00 0.005035278
2401.00 0.005036127
2402.00 0.005036977
2403.00 0.005037833
2404.00 0.005038688
2405.00 0.005039543
2406.00 0.005040403
2407.00 0.00504126
2408.00 0.005042127
2409.00 0.00504299
2410.00 0.005043859
2411.00 0.005044728
2412.00 0.005045595
2413.00 0.005046466
2414.00 0.005047341
2415.00 0.00504822
2416.00 0.005049096
2417.00 0.005049975
2418.00 0.005050853
2419.00 0.00505174
2420.00 0.005052623
2421.00 0.00505351
2422.00 0.005054394
2423.00 0.005055283
2424.00 0.005056175
2425.00 0.005057067
2426.00 0.005057964
2427.00 0.005058857
2428.00 0.005059755
2429.00 0.005060654
2430.00 0.005061554
2431.00 0.005062451
2432.00 0.005063356
2433.00 0.005064258
2434.00 0.005065163
2435.00 0.005066072
2436.00 0.005066981
2437.00 0.005067891
2438.00 0.0050688
2439.00 0.005069715
2440.00 0.005070631
2441.00 0.005071546
2442.00 0.00507246
2443.00 0.005073381
2444.00 0.0050743
2445.00 0.005075218
2446.00 0.005076144
2447.00 0.005077063
2448.00 0.005077986
2449.00 0.005078909
2450.00 0.005079836
2451.00 0.005080766
2452.00 0.005081695
2453.00 0.00508262
2454.00 0.005083552
2455.00 0.005084482
2456.00 0.005085415
2457.00 0.005086351
2458.00 0.005087283
2459.00 0.005088222
2460.00 0.005089154
2461.00 0.005090093
2462.00 0.005091031
2463.00 0.005091969
2464.00 0.005092909
2465.00 0.00509385
2466.00 0.005094791
2467.00 0.005095735
2468.00 0.005096679
2469.00 0.005097619
2470.00 0.005098563
2471.00 0.005099513
2472.00 0.005100459
2473.00 0.005101407
2474.00 0.005102358
2475.00 0.005103297
2476.00 0.005104252
2477.00 0.005105202
2478.00 0.005106151
2479.00 0.0051071
2480.00 0.005108049
2481.00 0.005109004
2482.00 0.005109954
2483.00 0.005110909
2484.00 0.00511186
2485.00 0.005112814
2486.00 0.005113771
2487.00 0.005114728
2488.00 0.00511568
2489.00 0.005116637
2490.00 0.005117589
2491.00 0.00511855
2492.00 0.005119502
2493.00 0.005120462
2494.00 0.005121419
2495.00 0.005122378
2496.00 0.005123335
2497.00 0.005124293
2498.00 0.00512525
2499.00 0.005126209
2500.00 0.005127172
