# Wavelength(nm)  Flambda(ergs/cm^s/s/nm)
100.00 8.231715e-07
101.00 4.755436e-06
102.00 1.625727e-05
103.00 4.257882e-05
104.00 9.450885e-05
105.00 0.0001870391
106.00 0.0003399004
107.00 0.0005779012
108.00 0.0009310013
109.00 0.001434068
110.00 0.002126251
111.00 0.003049958
112.00 0.004249409
113.00 0.005768779
114.00 0.007649971
115.00 0.009930056
116.00 0.01263852
117.00 0.01579436
118.00 0.01940323
119.00 0.0234548
120.00 0.02792045
121.00 0.03275138
122.00 0.03787778
123.00 0.04320834
124.00 0.04863149
125.00 0.05401685
126.00 0.05923135
127.00 0.06418821
128.00 0.06882605
129.00 0.07310004
130.00 0.0769824
131.00 0.0804625
132.00 0.08354586
133.00 0.08625328
134.00 0.08861894
135.00 0.09068894
136.00 0.09251924
137.00 0.09417413
138.00 0.0957229
139.00 0.09720398
140.00 0.0986212
141.00 0.09997679
142.00 0.1012733
143.00 0.1025137
144.00 0.1037013
145.00 0.1048403
146.00 0.1059355
147.00 0.1069929
148.00 0.108019
149.00 0.1090216
150.00 0.1100091
151.00 0.1109898
152.00 0.1119684
153.00 0.1129486
154.00 0.1139335
155.00 0.1149265
156.00 0.1159305
157.00 0.1169484
158.00 0.1179832
159.00 0.1190372
160.00 0.1201134
161.00 0.1212139
162.00 0.1223413
163.00 0.123498
164.00 0.1246863
165.00 0.1259085
166.00 0.1271669
167.00 0.128464
168.00 0.1298019
169.00 0.1311831
170.00 0.1326101
171.00 0.1340853
172.00 0.1356113
173.00 0.1371909
174.00 0.1388269
175.00 0.1405222
176.00 0.1422791
177.00 0.1440976
178.00 0.1459768
179.00 0.1479157
180.00 0.1499134
181.00 0.1519686
182.00 0.1540801
183.00 0.1562467
184.00 0.1584668
185.00 0.1607389
186.00 0.1630613
187.00 0.1654322
188.00 0.1678496
189.00 0.1703115
190.00 0.1728156
191.00 0.1753595
192.00 0.1779407
193.00 0.1805563
194.00 0.1832036
195.00 0.1858794
196.00 0.1885805
197.00 0.1913034
198.00 0.1940444
199.00 0.1967996
200.00 0.199565
201.00 0.2023367
202.00 0.2051141
203.00 0.2078968
204.00 0.2106845
205.00 0.2134771
206.00 0.2162741
207.00 0.2190753
208.00 0.2218802
209.00 0.2246885
210.00 0.2274998
211.00 0.2303137
212.00 0.2331299
213.00 0.2359477
214.00 0.2387669
215.00 0.241587
216.00 0.2444074
217.00 0.2472278
218.00 0.2500477
219.00 0.2528667
220.00 0.2556842
221.00 0.2584999
222.00 0.2613132
223.00 0.2641238
224.00 0.2669312
225.00 0.269735
226.00 0.2725345
227.00 0.2753282
228.00 0.2781139
229.00 0.2808897
230.00 0.2836534
231.00 0.2864032
232.00 0.2891367
233.00 0.2918522
234.00 0.2945471
235.00 0.2972192
236.00 0.2998666
237.00 0.3024872
238.00 0.3050784
239.00 0.3076378
240.00 0.3101634
241.00 0.3126531
242.00 0.3151039
243.00 0.3175141
244.00 0.3198809
245.00 0.322202
246.00 0.324475
247.00 0.3266973
248.00 0.3288663
249.00 0.3309795
250.00 0.3330344
251.00 0.3122151
252.00 0.3095537
253.00 0.265238
254.00 0.2154748
255.00 0.2445952
256.00 0.3000592
257.00 0.2751952
258.00 0.2544105
259.00 0.2586047
260.00 0.2591981
261.00 0.2962191
262.00 0.2717535
263.00 0.2509409
264.00 0.2739101
265.00 0.3599402
266.00 0.347211
267.00 0.343334
268.00 0.3935475
269.00 0.3960638
270.00 0.4197319
271.00 0.4542999
272.00 0.474764
273.00 0.496364
274.00 0.5270018
275.00 0.5257425
276.00 0.5108454
277.00 0.522024
278.00 0.6124528
279.00 0.6706284
280.00 0.6830819
281.00 0.7962523
282.00 0.9210531
283.00 0.9969551
284.00 1.05622
285.00 1.045382
286.00 1.102477
287.00 1.140359
288.00 1.252733
289.00 1.259323
290.00 1.351647
291.00 1.428378
292.00 1.432974
293.00 1.450386
294.00 1.46019
295.00 1.442571
296.00 1.410001
297.00 1.515223
298.00 1.574778
299.00 1.55077
300.00 1.557111
301.00 1.558466
302.00 1.654478
303.00 1.782256
304.00 1.834159
305.00 1.713914
306.00 1.665736
307.00 1.793932
308.00 1.848735
309.00 1.658785
310.00 1.594001
311.00 1.570523
312.00 1.57517
313.00 1.751437
314.00 1.736521
315.00 1.517659
316.00 1.730971
317.00 1.853788
318.00 1.715211
319.00 1.622812
320.00 1.695662
321.00 1.466391
322.00 1.495481
323.00 1.312845
324.00 1.307783
325.00 1.232146
326.00 1.233916
327.00 1.243961
328.00 1.249856
329.00 1.29523
330.00 1.343292
331.00 1.386592
332.00 1.508715
333.00 1.619086
334.00 1.67619
335.00 1.72539
336.00 1.779043
337.00 1.775013
338.00 1.749002
339.00 1.709524
340.00 1.767023
341.00 1.823006
342.00 1.939001
343.00 2.034133
344.00 2.155098
345.00 2.211784
346.00 2.309768
347.00 2.414953
348.00 2.413175
349.00 2.435175
350.00 2.500542
351.00 2.560875
352.00 2.557303
353.00 2.527411
354.00 2.499327
355.00 2.464377
356.00 2.435209
357.00 2.349987
358.00 2.274139
359.00 2.187464
360.00 2.045547
361.00 1.874356
362.00 1.776188
363.00 1.667574
364.00 1.555472
365.00 1.441528
366.00 1.293457
367.00 1.19672
368.00 1.097531
369.00 1.01129
370.00 0.9524443
371.00 0.9510441
372.00 0.9707619
373.00 1.007474
374.00 1.077745
375.00 1.159686
376.00 1.20416
377.00 1.242612
378.00 1.276807
379.00 1.290202
380.00 1.322397
381.00 1.390545
382.00 1.490244
383.00 1.596047
384.00 1.721135
385.00 1.854711
386.00 1.970765
387.00 2.084415
388.00 2.197717
389.00 2.263376
390.00 2.349791
391.00 2.391536
392.00 2.446948
393.00 2.453326
394.00 2.378267
395.00 2.350654
396.00 2.25896
397.00 2.130731
398.00 2.00171
399.00 1.94897
400.00 1.912194
401.00 1.924547
402.00 1.982861
403.00 2.053657
404.00 2.122431
405.00 2.204068
406.00 2.25671
407.00 2.322465
408.00 2.331956
409.00 2.307668
410.00 2.288489
411.00 2.248283
412.00 2.196607
413.00 2.126183
414.00 2.07641
415.00 2.037437
416.00 1.988881
417.00 1.948675
418.00 1.910658
419.00 1.854806
420.00 1.789027
421.00 1.717396
422.00 1.655801
423.00 1.601483
424.00 1.532134
425.00 1.483701
426.00 1.431874
427.00 1.373816
428.00 1.298378
429.00 1.248489
430.00 1.218674
431.00 1.22339
432.00 1.236037
433.00 1.280895
434.00 1.332831
435.00 1.386364
436.00 1.424622
437.00 1.449871
438.00 1.451002
439.00 1.430286
440.00 1.392669
441.00 1.37504
442.00 1.364891
443.00 1.37605
444.00 1.412944
445.00 1.4626
446.00 1.509787
447.00 1.548072
448.00 1.579282
449.00 1.579763
450.00 1.596113
451.00 1.601762
452.00 1.590443
453.00 1.572867
454.00 1.541352
455.00 1.509722
456.00 1.500428
457.00 1.474021
458.00 1.460387
459.00 1.455604
460.00 1.444398
461.00 1.428795
462.00 1.386083
463.00 1.335133
464.00 1.289504
465.00 1.238672
466.00 1.2008
467.00 1.158117
468.00 1.145676
469.00 1.154938
470.00 1.152605
471.00 1.13433
472.00 1.117403
473.00 1.099872
474.00 1.07389
475.00 1.053087
476.00 1.051846
477.00 1.065325
478.00 1.069153
479.00 1.067589
480.00 1.046513
481.00 1.011119
482.00 0.9669235
483.00 0.914855
484.00 0.862866
485.00 0.82377
486.00 0.7946238
487.00 0.789733
488.00 0.8002215
489.00 0.8136658
490.00 0.8264452
491.00 0.8447027
492.00 0.8662006
493.00 0.8832276
494.00 0.8927325
495.00 0.9042724
496.00 0.9105791
497.00 0.9140513
498.00 0.9161008
499.00 0.9188588
500.00 0.9319843
501.00 0.9400972
502.00 0.9525562
503.00 0.9627285
504.00 0.9780434
505.00 0.9984702
506.00 1.023744
507.00 1.048508
508.00 1.068457
509.00 1.083464
510.00 1.09572
511.00 1.095017
512.00 1.084402
513.00 1.071992
514.00 1.057851
515.00 1.051478
516.00 1.053722
517.00 1.054009
518.00 1.055025
519.00 1.058155
520.00 1.048485
521.00 1.022776
522.00 0.9843948
523.00 0.9371349
524.00 0.8862239
525.00 0.8348167
526.00 0.7999728
527.00 0.7703691
528.00 0.7514626
529.00 0.742066
530.00 0.7432852
531.00 0.7482921
532.00 0.7560139
533.00 0.7681701
534.00 0.7755493
535.00 0.7793572
536.00 0.7857361
537.00 0.784205
538.00 0.7756837
539.00 0.7622795
540.00 0.7476215
541.00 0.7263945
542.00 0.6983908
543.00 0.6769757
544.00 0.6526704
545.00 0.6411892
546.00 0.6410088
547.00 0.6505269
548.00 0.6703121
549.00 0.697947
550.00 0.721778
551.00 0.7445925
552.00 0.7665194
553.00 0.7797319
554.00 0.7844647
555.00 0.7877595
556.00 0.7879811
557.00 0.7877291
558.00 0.7908014
559.00 0.7951461
560.00 0.799456
561.00 0.8027252
562.00 0.8032025
563.00 0.7985075
564.00 0.7986455
565.00 0.7918563
566.00 0.7866936
567.00 0.7817945
568.00 0.7771209
569.00 0.7642277
570.00 0.7476826
571.00 0.7293135
572.00 0.7051193
573.00 0.6847671
574.00 0.667157
575.00 0.6520917
576.00 0.6381861
577.00 0.6338877
578.00 0.6323884
579.00 0.6317156
580.00 0.6406264
581.00 0.6486274
582.00 0.6586137
583.00 0.6651665
584.00 0.6730824
585.00 0.6770755
586.00 0.6835603
587.00 0.6918493
588.00 0.691143
589.00 0.6833397
590.00 0.6467022
591.00 0.659283
592.00 0.6742416
593.00 0.6749413
594.00 0.6659605
595.00 0.6545112
596.00 0.6490591
597.00 0.6358593
598.00 0.6207846
599.00 0.6081561
600.00 0.5864031
601.00 0.5644172
602.00 0.5415906
603.00 0.5206098
604.00 0.495802
605.00 0.468473
606.00 0.4398342
607.00 0.4087644
608.00 0.384048
609.00 0.3576971
610.00 0.3379426
611.00 0.320466
612.00 0.3101895
613.00 0.3093757
614.00 0.3114092
615.00 0.3233361
616.00 0.342072
617.00 0.3647098
618.00 0.3930499
619.00 0.4238824
620.00 0.4561146
621.00 0.4864375
622.00 0.513077
623.00 0.5377229
624.00 0.5596942
625.00 0.5834902
626.00 0.6019701
627.00 0.6181394
628.00 0.6142472
629.00 0.6303395
630.00 0.6370541
631.00 0.645949
632.00 0.6497081
633.00 0.6552677
634.00 0.6588532
635.00 0.6629033
636.00 0.6609002
637.00 0.6642525
638.00 0.6612252
639.00 0.6603253
640.00 0.6565393
641.00 0.6499072
642.00 0.6457123
643.00 0.6380045
644.00 0.63237
645.00 0.6257597
646.00 0.6211097
647.00 0.6141825
648.00 0.6073157
649.00 0.6052141
650.00 0.602283
651.00 0.6007799
652.00 0.5980993
653.00 0.5919366
654.00 0.5833209
655.00 0.5809206
656.00 0.5773211
657.00 0.5698465
658.00 0.5659911
659.00 0.5607988
660.00 0.5530677
661.00 0.5441048
662.00 0.5392172
663.00 0.5338187
664.00 0.5285809
665.00 0.5257724
666.00 0.5227887
667.00 0.5176581
668.00 0.5109191
669.00 0.5044366
670.00 0.4960667
671.00 0.4879041
672.00 0.4810828
673.00 0.4755842
674.00 0.4691779
675.00 0.4637453
676.00 0.4582675
677.00 0.4528698
678.00 0.4486359
679.00 0.4468853
680.00 0.4460172
681.00 0.4455471
682.00 0.4450457
683.00 0.4422831
684.00 0.4370809
685.00 0.4250366
686.00 0.4226056
687.00 0.4146194
688.00 0.4115177
689.00 0.4080982
690.00 0.4137908
691.00 0.4076955
692.00 0.4095703
693.00 0.4060824
694.00 0.4025814
695.00 0.4013754
696.00 0.4015825
697.00 0.3976585
698.00 0.3955349
699.00 0.3947905
700.00 0.3901101
701.00 0.3848149
702.00 0.3836407
703.00 0.3836113
704.00 0.3838579
705.00 0.3848797
706.00 0.3867824
707.00 0.387738
708.00 0.3863356
709.00 0.385299
710.00 0.3850034
711.00 0.3851797
712.00 0.3852675
713.00 0.3854499
714.00 0.3852864
715.00 0.3782657
716.00 0.3729917
717.00 0.3634566
718.00 0.3590658
719.00 0.3558443
720.00 0.3554913
721.00 0.3502644
722.00 0.3478872
723.00 0.3451311
724.00 0.3395507
725.00 0.3353678
726.00 0.328803
727.00 0.3269984
728.00 0.322567
729.00 0.3167123
730.00 0.3110288
731.00 0.3116086
732.00 0.3068539
733.00 0.2990643
734.00 0.2952583
735.00 0.2919422
736.00 0.2894982
737.00 0.2884384
738.00 0.2883918
739.00 0.2865916
740.00 0.2852119
741.00 0.2794439
742.00 0.2708251
743.00 0.262053
744.00 0.2522043
745.00 0.2429125
746.00 0.2363076
747.00 0.2328872
748.00 0.2312842
749.00 0.2327791
750.00 0.2341564
751.00 0.2353316
752.00 0.2351123
753.00 0.2344539
754.00 0.2306892
755.00 0.2271494
756.00 0.2243711
757.00 0.2247548
758.00 0.2247062
759.00 0.2272934
760.00 0.2305348
761.00 0.2341827
762.00 0.2367737
763.00 0.24129
764.00 0.2444166
765.00 0.246587
766.00 0.2475986
767.00 0.2476573
768.00 0.2440311
769.00 0.2413058
770.00 0.2392102
771.00 0.2371675
772.00 0.2344274
773.00 0.2345248
774.00 0.2336673
775.00 0.2327202
776.00 0.2308212
777.00 0.2299684
778.00 0.2259855
779.00 0.2217892
780.00 0.2155886
781.00 0.2097929
782.00 0.2032619
783.00 0.1977104
784.00 0.1923096
785.00 0.1874153
786.00 0.1826202
787.00 0.1778905
788.00 0.1733293
789.00 0.1689587
790.00 0.165257
791.00 0.1622433
792.00 0.1606579
793.00 0.1604678
794.00 0.1599132
795.00 0.1589789
796.00 0.1581257
797.00 0.1573843
798.00 0.1556289
799.00 0.1549872
800.00 0.155888
801.00 0.157609
802.00 0.1596301
803.00 0.1631765
804.00 0.1676661
805.00 0.1707779
806.00 0.173081
807.00 0.173797
808.00 0.1743964
809.00 0.173358
810.00 0.1740284
811.00 0.1751534
812.00 0.1745582
813.00 0.1722841
814.00 0.1711007
815.00 0.1684726
816.00 0.1641041
817.00 0.1647958
818.00 0.1642285
819.00 0.1667808
820.00 0.1665113
821.00 0.1620494
822.00 0.1656675
823.00 0.1682997
824.00 0.1651827
825.00 0.1686467
826.00 0.1740209
827.00 0.1683966
828.00 0.1666673
829.00 0.1667592
830.00 0.1616591
831.00 0.1638593
832.00 0.1630885
833.00 0.1640491
834.00 0.1642196
835.00 0.1665141
836.00 0.1658725
837.00 0.1684446
838.00 0.1684064
839.00 0.1706598
840.00 0.1727319
841.00 0.1747036
842.00 0.1762597
843.00 0.1785669
844.00 0.1806719
845.00 0.1820708
846.00 0.1826966
847.00 0.1820538
848.00 0.1816903
849.00 0.1795749
850.00 0.1789411
851.00 0.1798901
852.00 0.1814299
853.00 0.1818237
854.00 0.1842291
855.00 0.183391
856.00 0.1808096
857.00 0.1806633
858.00 0.1805116
859.00 0.1785436
860.00 0.1778968
861.00 0.1779599
862.00 0.1791931
863.00 0.1776427
864.00 0.1812651
865.00 0.1814019
866.00 0.179789
867.00 0.1762658
868.00 0.1791085
869.00 0.1755666
870.00 0.1767692
871.00 0.1767002
872.00 0.1722324
873.00 0.1760709
874.00 0.1751341
875.00 0.1728202
876.00 0.1721278
877.00 0.1715957
878.00 0.1710872
879.00 0.1692099
880.00 0.1638777
881.00 0.1632107
882.00 0.1587752
883.00 0.1523764
884.00 0.148626
885.00 0.1462424
886.00 0.1422224
887.00 0.1401425
888.00 0.1326831
889.00 0.1346886
890.00 0.1323927
891.00 0.1340096
892.00 0.131569
893.00 0.1321533
894.00 0.1346043
895.00 0.1316889
896.00 0.1323566
897.00 0.1266745
898.00 0.1335948
899.00 0.1221588
900.00 0.1258791
901.00 0.1244739
902.00 0.1216738
903.00 0.1248215
904.00 0.1277616
905.00 0.1249545
906.00 0.1253594
907.00 0.1226033
908.00 0.1238103
909.00 0.1244536
910.00 0.1235987
911.00 0.1276617
912.00 0.1262273
913.00 0.1246436
914.00 0.1290294
915.00 0.1270878
916.00 0.1252522
917.00 0.1298258
918.00 0.1282426
919.00 0.1361346
920.00 0.1312324
921.00 0.1352359
922.00 0.1347147
923.00 0.1336968
924.00 0.1309761
925.00 0.1308984
926.00 0.1343768
927.00 0.1316613
928.00 0.1280691
929.00 0.1273007
930.00 0.1214657
931.00 0.1107473
932.00 0.09860825
933.00 0.09776295
934.00 0.08552776
935.00 0.09182449
936.00 0.08736865
937.00 0.09403957
938.00 0.0890674
939.00 0.1056945
940.00 0.110087
941.00 0.1073555
942.00 0.1003346
943.00 0.0904401
944.00 0.08855261
945.00 0.09283656
946.00 0.08922495
947.00 0.09214497
948.00 0.09494845
949.00 0.09550643
950.00 0.08162564
951.00 0.09594848
952.00 0.08477859
953.00 0.08723375
954.00 0.09151896
955.00 0.0884652
956.00 0.08900404
957.00 0.08288331
958.00 0.09212777
959.00 0.08344703
960.00 0.08763482
961.00 0.08642515
962.00 0.088706
963.00 0.08710286
964.00 0.08657543
965.00 0.08609663
966.00 0.09076176
967.00 0.08128023
968.00 0.08470854
969.00 0.08351717
970.00 0.0828233
971.00 0.08537871
972.00 0.0809162
973.00 0.0853142
974.00 0.08102794
975.00 0.0804374
976.00 0.07798784
977.00 0.08327354
978.00 0.0801715
979.00 0.07904626
980.00 0.08049223
981.00 0.07579696
982.00 0.07797245
983.00 0.0794592
984.00 0.08040512
985.00 0.07930936
986.00 0.07842401
987.00 0.07695802
988.00 0.08088186
989.00 0.07654639
990.00 0.07786389
991.00 0.0712301
992.00 0.07804494
993.00 0.07076571
994.00 0.07079031
995.00 0.0780981
996.00 0.073889
997.00 0.07410097
998.00 0.0742105
999.00 0.07461206
1000.00 0.07493415
1001.00 0.07461236
1002.00 0.07429084
1003.00 0.07396954
1004.00 0.07364832
1005.00 0.07332729
1006.00 0.0730064
1007.00 0.0726857
1008.00 0.072365
1009.00 0.07204452
1010.00 0.07172418
1011.00 0.07140392
1012.00 0.07108377
1013.00 0.07076376
1014.00 0.07044375
1015.00 0.07012395
1016.00 0.06980416
1017.00 0.06948445
1018.00 0.06916485
1019.00 0.0688453
1020.00 0.06852581
1021.00 0.0682064
1022.00 0.06788702
1023.00 0.06756764
1024.00 0.06724834
1025.00 0.06692901
1026.00 0.06660977
1027.00 0.0662906
1028.00 0.06597136
1029.00 0.06565214
1030.00 0.0653329
1031.00 0.0650136
1032.00 0.06469446
1033.00 0.06437519
1034.00 0.06405592
1035.00 0.06373668
1036.00 0.06341735
1037.00 0.06309794
1038.00 0.06277859
1039.00 0.06245912
1040.00 0.06213963
1041.00 0.06182006
1042.00 0.06150043
1043.00 0.06118083
1044.00 0.06086103
1045.00 0.06054121
1046.00 0.06022128
1047.00 0.05990135
1048.00 0.05958126
1049.00 0.05926108
1050.00 0.05894082
1051.00 0.05862053
1052.00 0.05830011
1053.00 0.05797955
1054.00 0.05765893
1055.00 0.05733826
1056.00 0.0570174
1057.00 0.05669643
1058.00 0.05637537
1059.00 0.05605418
1060.00 0.05573296
1061.00 0.05541149
1062.00 0.05508992
1063.00 0.05476823
1064.00 0.05444644
1065.00 0.05412445
1066.00 0.05380238
1067.00 0.05348017
1068.00 0.0531578
1069.00 0.05283529
1070.00 0.05251259
1071.00 0.05218981
1072.00 0.05186681
1073.00 0.05154375
1074.00 0.05122047
1075.00 0.05089695
1076.00 0.0505734
1077.00 0.05024957
1078.00 0.04992564
1079.00 0.04960151
1080.00 0.04927719
1081.00 0.04895274
1082.00 0.04862806
1083.00 0.04830322
1084.00 0.04797816
1085.00 0.04765291
1086.00 0.04732752
1087.00 0.04700191
1088.00 0.04667614
1089.00 0.04635012
1090.00 0.04602385
1091.00 0.04569745
1092.00 0.04537091
1093.00 0.04504407
1094.00 0.04471701
1095.00 0.04438967
1096.00 0.04406228
1097.00 0.04373453
1098.00 0.04340667
1099.00 0.04307849
1100.00 0.04275014
1101.00 0.04242154
1102.00 0.04209269
1103.00 0.04176366
1104.00 0.04143435
1105.00 0.04110487
1106.00 0.04077507
1107.00 0.04044507
1108.00 0.04011483
1109.00 0.03978431
1110.00 0.03945357
1111.00 0.03912261
1112.00 0.03879136
1113.00 0.03845985
1114.00 0.03812813
1115.00 0.0377961
1116.00 0.03746383
1117.00 0.03713133
1118.00 0.03679851
1119.00 0.03646544
1120.00 0.03613213
1121.00 0.03579851
1122.00 0.0354647
1123.00 0.03513054
1124.00 0.03479612
1125.00 0.03446144
1126.00 0.03412647
1127.00 0.03379124
1128.00 0.0334557
1129.00 0.03311992
1130.00 0.03278386
1131.00 0.03279864
1132.00 0.03281348
1133.00 0.0328284
1134.00 0.0328433
1135.00 0.03285822
1136.00 0.03287322
1137.00 0.0328882
1138.00 0.03290323
1139.00 0.03291826
1140.00 0.03293337
1141.00 0.03294846
1142.00 0.03296354
1143.00 0.03297877
1144.00 0.03299391
1145.00 0.03300913
1146.00 0.0330243
1147.00 0.03303955
1148.00 0.03305486
1149.00 0.03307008
1150.00 0.03308541
1151.00 0.03310072
1152.00 0.03311605
1153.00 0.03313141
1154.00 0.03314677
1155.00 0.03316218
1156.00 0.03317757
1157.00 0.03319299
1158.00 0.0332084
1159.00 0.0332239
1160.00 0.03323931
1161.00 0.03325484
1162.00 0.03327031
1163.00 0.03328583
1164.00 0.03330133
1165.00 0.03331677
1166.00 0.03333235
1167.00 0.03334785
1168.00 0.0333634
1169.00 0.03337898
1170.00 0.03339453
1171.00 0.03341011
1172.00 0.03342561
1173.00 0.03344127
1174.00 0.03345683
1175.00 0.03347241
1176.00 0.03348796
1177.00 0.03350356
1178.00 0.03351912
1179.00 0.03353475
1180.00 0.03355036
1181.00 0.03356591
1182.00 0.03358149
1183.00 0.03359707
1184.00 0.0336127
1185.00 0.0336282
1186.00 0.03364378
1187.00 0.03365939
1188.00 0.03367491
1189.00 0.03369049
1190.00 0.03370602
1191.00 0.03372157
1192.00 0.03373709
1193.00 0.03375259
1194.00 0.03376812
1195.00 0.03378356
1196.00 0.03379911
1197.00 0.03381458
1198.00 0.03383005
1199.00 0.03384547
1200.00 0.03386094
1201.00 0.03387635
1202.00 0.03389179
1203.00 0.03390715
1204.00 0.03392251
1205.00 0.03393793
1206.00 0.03395321
1207.00 0.03396851
1208.00 0.03398382
1209.00 0.03399912
1210.00 0.03401434
1211.00 0.0340296
1212.00 0.03404479
1213.00 0.03405993
1214.00 0.03407513
1215.00 0.03409032
1216.00 0.03410535
1217.00 0.03412049
1218.00 0.0341355
1219.00 0.03415056
1220.00 0.03416556
1221.00 0.03418051
1222.00 0.03419543
1223.00 0.03421035
1224.00 0.03422522
1225.00 0.03424008
1226.00 0.0342549
1227.00 0.03426965
1228.00 0.03428444
1229.00 0.03429917
1230.00 0.03431376
1231.00 0.03432843
1232.00 0.034343
1233.00 0.03435756
1234.00 0.03437207
1235.00 0.03438655
1236.00 0.03440093
1237.00 0.03441535
1238.00 0.0344297
1239.00 0.03444402
1240.00 0.03445828
1241.00 0.03447249
1242.00 0.03448667
1243.00 0.03450077
1244.00 0.03451487
1245.00 0.03452888
1246.00 0.03454284
1247.00 0.03455683
1248.00 0.03457071
1249.00 0.03458451
1250.00 0.03459828
1251.00 0.03461995
1252.00 0.03464167
1253.00 0.03466326
1254.00 0.03468482
1255.00 0.03470618
1256.00 0.03472763
1257.00 0.03474894
1258.00 0.03477017
1259.00 0.03479143
1260.00 0.03481258
1261.00 0.03483359
1262.00 0.03485463
1263.00 0.03487547
1264.00 0.03489632
1265.00 0.03491708
1266.00 0.03493779
1267.00 0.03495847
1268.00 0.03497899
1269.00 0.03499945
1270.00 0.03501991
1271.00 0.03504018
1272.00 0.03506034
1273.00 0.03508053
1274.00 0.03510069
1275.00 0.03512069
1276.00 0.03514055
1277.00 0.03516038
1278.00 0.03518013
1279.00 0.03519979
1280.00 0.03521938
1281.00 0.03523891
1282.00 0.03525824
1283.00 0.03527761
1284.00 0.03529686
1285.00 0.03531598
1286.00 0.03533499
1287.00 0.035354
1288.00 0.03537284
1289.00 0.0353916
1290.00 0.03541031
1291.00 0.03542891
1292.00 0.03544748
1293.00 0.03546583
1294.00 0.03548423
1295.00 0.03550244
1296.00 0.0355206
1297.00 0.0355387
1298.00 0.03555667
1299.00 0.03557461
1300.00 0.03559241
1301.00 0.03561021
1302.00 0.03562782
1303.00 0.03564535
1304.00 0.03566287
1305.00 0.03568024
1306.00 0.03569754
1307.00 0.0357148
1308.00 0.03573194
1309.00 0.035749
1310.00 0.03576598
1311.00 0.03578288
1312.00 0.03579972
1313.00 0.03581645
1314.00 0.03583313
1315.00 0.03584967
1316.00 0.03586612
1317.00 0.03588258
1318.00 0.03589895
1319.00 0.03591514
1320.00 0.03593135
1321.00 0.03594742
1322.00 0.03596341
1323.00 0.03597938
1324.00 0.0359952
1325.00 0.03601097
1326.00 0.03602672
1327.00 0.0360423
1328.00 0.03605782
1329.00 0.03607337
1330.00 0.03608879
1331.00 0.03610401
1332.00 0.03611929
1333.00 0.03613446
1334.00 0.03614954
1335.00 0.03616458
1336.00 0.03617952
1337.00 0.03619442
1338.00 0.03620918
1339.00 0.03622393
1340.00 0.03623858
1341.00 0.03625314
1342.00 0.03626768
1343.00 0.03628205
1344.00 0.03629645
1345.00 0.03631072
1346.00 0.03632495
1347.00 0.03633911
1348.00 0.03635315
1349.00 0.03636719
1350.00 0.03638115
1351.00 0.03639503
1352.00 0.0364088
1353.00 0.03642263
1354.00 0.0364362
1355.00 0.03644978
1356.00 0.0364633
1357.00 0.03647685
1358.00 0.03649018
1359.00 0.03650354
1360.00 0.03651676
1361.00 0.03652998
1362.00 0.0365432
1363.00 0.03655618
1364.00 0.03656923
1365.00 0.03658215
1366.00 0.03659504
1367.00 0.03660788
1368.00 0.03662064
1369.00 0.03663325
1370.00 0.0366459
1371.00 0.0364655
1372.00 0.03628493
1373.00 0.03610426
1374.00 0.03592328
1375.00 0.03574209
1376.00 0.03556078
1377.00 0.03537926
1378.00 0.03519752
1379.00 0.03501572
1380.00 0.03483359
1381.00 0.03465135
1382.00 0.0344689
1383.00 0.0342863
1384.00 0.03410349
1385.00 0.03392054
1386.00 0.0337374
1387.00 0.03355409
1388.00 0.03337056
1389.00 0.03318693
1390.00 0.0330031
1391.00 0.0328191
1392.00 0.03263495
1393.00 0.0324506
1394.00 0.03226611
1395.00 0.03208146
1396.00 0.03189662
1397.00 0.03171164
1398.00 0.03152649
1399.00 0.03134115
1400.00 0.03115574
1401.00 0.03097007
1402.00 0.03078429
1403.00 0.03059835
1404.00 0.03041228
1405.00 0.03022606
1406.00 0.03003963
1407.00 0.02985306
1408.00 0.02966638
1409.00 0.02947953
1410.00 0.02929252
1411.00 0.0291054
1412.00 0.02891812
1413.00 0.02873067
1414.00 0.02854311
1415.00 0.02835539
1416.00 0.02816753
1417.00 0.02797953
1418.00 0.02779137
1419.00 0.02760312
1420.00 0.02741469
1421.00 0.02722615
1422.00 0.02703746
1423.00 0.02684864
1424.00 0.02665969
1425.00 0.0264706
1426.00 0.02628137
1427.00 0.02609201
1428.00 0.02590253
1429.00 0.02571292
1430.00 0.02552318
1431.00 0.02533333
1432.00 0.02514333
1433.00 0.02495321
1434.00 0.02476297
1435.00 0.0245726
1436.00 0.02438211
1437.00 0.02419149
1438.00 0.02400077
1439.00 0.0238099
1440.00 0.02361893
1441.00 0.02342785
1442.00 0.02323662
1443.00 0.02304529
1444.00 0.02285384
1445.00 0.02266229
1446.00 0.02247063
1447.00 0.02227881
1448.00 0.02208691
1449.00 0.02189491
1450.00 0.02170277
1451.00 0.02151053
1452.00 0.02131819
1453.00 0.02112573
1454.00 0.02093315
1455.00 0.02074048
1456.00 0.02054769
1457.00 0.02035481
1458.00 0.02016181
1459.00 0.0199687
1460.00 0.01977549
1461.00 0.01958217
1462.00 0.01938876
1463.00 0.01919523
1464.00 0.01900162
1465.00 0.01880789
1466.00 0.01861407
1467.00 0.01842014
1468.00 0.01822609
1469.00 0.018032
1470.00 0.01783776
1471.00 0.01764344
1472.00 0.01744901
1473.00 0.0172545
1474.00 0.01705987
1475.00 0.01686516
1476.00 0.01667035
1477.00 0.01647546
1478.00 0.01628046
1479.00 0.01608537
1480.00 0.01589018
1481.00 0.01569491
1482.00 0.01549953
1483.00 0.01530406
1484.00 0.01510851
1485.00 0.01491285
1486.00 0.01471712
1487.00 0.01452129
1488.00 0.01432537
1489.00 0.01412936
1490.00 0.01393326
1491.00 0.01373707
1492.00 0.01354079
1493.00 0.01334442
1494.00 0.01314795
1495.00 0.0129514
1496.00 0.01275477
1497.00 0.01255805
1498.00 0.01236122
1499.00 0.01216433
1500.00 0.01196734
1501.00 0.01196978
1502.00 0.01197223
1503.00 0.01197466
1504.00 0.01197709
1505.00 0.01197951
1506.00 0.01198192
1507.00 0.01198433
1508.00 0.01198674
1509.00 0.01198915
1510.00 0.01199154
1511.00 0.01199392
1512.00 0.01199631
1513.00 0.0119987
1514.00 0.01200107
1515.00 0.01200344
1516.00 0.01200581
1517.00 0.01200817
1518.00 0.01201052
1519.00 0.01201288
1520.00 0.01201522
1521.00 0.01201757
1522.00 0.01201989
1523.00 0.01202223
1524.00 0.01202455
1525.00 0.01202687
1526.00 0.01202919
1527.00 0.0120315
1528.00 0.01203381
1529.00 0.01203611
1530.00 0.01203842
1531.00 0.0120407
1532.00 0.01204299
1533.00 0.01204527
1534.00 0.01204755
1535.00 0.01204982
1536.00 0.01205209
1537.00 0.01205436
1538.00 0.01205662
1539.00 0.01205887
1540.00 0.01206112
1541.00 0.01206338
1542.00 0.01206561
1543.00 0.01206786
1544.00 0.01207009
1545.00 0.01207231
1546.00 0.01207454
1547.00 0.01207677
1548.00 0.01207898
1549.00 0.01208119
1550.00 0.01208339
1551.00 0.0120856
1552.00 0.0120878
1553.00 0.01208999
1554.00 0.01209218
1555.00 0.01209437
1556.00 0.01209655
1557.00 0.01209872
1558.00 0.01210091
1559.00 0.01210307
1560.00 0.01210523
1561.00 0.01210739
1562.00 0.01210955
1563.00 0.0121117
1564.00 0.01211385
1565.00 0.01211599
1566.00 0.01211814
1567.00 0.01212028
1568.00 0.01212242
1569.00 0.01212454
1570.00 0.01212666
1571.00 0.01212878
1572.00 0.0121309
1573.00 0.01213302
1574.00 0.01213513
1575.00 0.01213723
1576.00 0.01213933
1577.00 0.01214144
1578.00 0.01214353
1579.00 0.01214561
1580.00 0.01214771
1581.00 0.01214978
1582.00 0.01215187
1583.00 0.01215394
1584.00 0.01215602
1585.00 0.01215809
1586.00 0.01216015
1587.00 0.01216221
1588.00 0.01216427
1589.00 0.01216633
1590.00 0.01216839
1591.00 0.01217042
1592.00 0.01217248
1593.00 0.01217452
1594.00 0.01217655
1595.00 0.01217859
1596.00 0.01218061
1597.00 0.01218264
1598.00 0.01218467
1599.00 0.01218669
1600.00 0.01218871
1601.00 0.01219072
1602.00 0.01219273
1603.00 0.01219474
1604.00 0.01219674
1605.00 0.01219875
1606.00 0.01220075
1607.00 0.01220275
1608.00 0.01220474
1609.00 0.01220671
1610.00 0.0122087
1611.00 0.01221069
1612.00 0.01221267
1613.00 0.01221464
1614.00 0.01221663
1615.00 0.01221859
1616.00 0.01222056
1617.00 0.01222252
1618.00 0.01222449
1619.00 0.01222644
1620.00 0.01222841
1621.00 0.01223035
1622.00 0.01223231
1623.00 0.01223425
1624.00 0.01223621
1625.00 0.01223814
1626.00 0.01223714
1627.00 0.01223612
1628.00 0.01223512
1629.00 0.01223412
1630.00 0.01223312
1631.00 0.01223211
1632.00 0.01223112
1633.00 0.01223012
1634.00 0.01222914
1635.00 0.01222815
1636.00 0.01222715
1637.00 0.01222616
1638.00 0.01222518
1639.00 0.01222419
1640.00 0.01222321
1641.00 0.01222223
1642.00 0.01222124
1643.00 0.01222028
1644.00 0.0122193
1645.00 0.01221833
1646.00 0.01221736
1647.00 0.01221639
1648.00 0.01221542
1649.00 0.01221446
1650.00 0.0122135
1651.00 0.01221254
1652.00 0.01221157
1653.00 0.01221062
1654.00 0.01220966
1655.00 0.01220871
1656.00 0.01220776
1657.00 0.01220682
1658.00 0.01220587
1659.00 0.01220492
1660.00 0.01220399
1661.00 0.01220304
1662.00 0.01220211
1663.00 0.01220117
1664.00 0.01220023
1665.00 0.01219931
1666.00 0.01219838
1667.00 0.01219745
1668.00 0.01219652
1669.00 0.01219561
1670.00 0.01219468
1671.00 0.01219377
1672.00 0.01219284
1673.00 0.01219193
1674.00 0.01219102
1675.00 0.01219012
1676.00 0.0121892
1677.00 0.0121883
1678.00 0.0121874
1679.00 0.0121865
1680.00 0.01218561
1681.00 0.01218471
1682.00 0.01218382
1683.00 0.01218293
1684.00 0.01218204
1685.00 0.01218116
1686.00 0.01218027
1687.00 0.0121794
1688.00 0.01217851
1689.00 0.01217764
1690.00 0.01217676
1691.00 0.01217588
1692.00 0.01217502
1693.00 0.01217416
1694.00 0.0121733
1695.00 0.01217242
1696.00 0.01217156
1697.00 0.0121707
1698.00 0.01216985
1699.00 0.01216899
1700.00 0.01216814
1701.00 0.0121673
1702.00 0.01216644
1703.00 0.01216559
1704.00 0.01216475
1705.00 0.01216391
1706.00 0.01216307
1707.00 0.01216224
1708.00 0.01216141
1709.00 0.01216056
1710.00 0.01215973
1711.00 0.01215891
1712.00 0.01215808
1713.00 0.01215726
1714.00 0.01215644
1715.00 0.01215561
1716.00 0.01215479
1717.00 0.01215397
1718.00 0.01215316
1719.00 0.01215234
1720.00 0.01215154
1721.00 0.01215073
1722.00 0.01214992
1723.00 0.01214911
1724.00 0.01214831
1725.00 0.0121475
1726.00 0.0121467
1727.00 0.0121459
1728.00 0.01214511
1729.00 0.01214432
1730.00 0.01214353
1731.00 0.01214273
1732.00 0.01214194
1733.00 0.01214115
1734.00 0.01214037
1735.00 0.01213959
1736.00 0.0121388
1737.00 0.01213802
1738.00 0.01213725
1739.00 0.01213647
1740.00 0.01213569
1741.00 0.01213492
1742.00 0.01213415
1743.00 0.01213337
1744.00 0.01213261
1745.00 0.01213183
1746.00 0.01213108
1747.00 0.01213031
1748.00 0.01212955
1749.00 0.01212879
1750.00 0.01212803
1751.00 0.01212728
1752.00 0.01212653
1753.00 0.01212577
1754.00 0.01212502
1755.00 0.01212426
1756.00 0.01212351
1757.00 0.01212276
1758.00 0.01212202
1759.00 0.01212127
1760.00 0.01212054
1761.00 0.01211979
1762.00 0.01211905
1763.00 0.01211831
1764.00 0.01211758
1765.00 0.01211684
1766.00 0.0121161
1767.00 0.01211537
1768.00 0.01211464
1769.00 0.01211391
1770.00 0.01211318
1771.00 0.01211246
1772.00 0.01211172
1773.00 0.01211099
1774.00 0.01211028
1775.00 0.01210956
1776.00 0.01210884
1777.00 0.01210812
1778.00 0.0121074
1779.00 0.01210669
1780.00 0.01210596
1781.00 0.01210525
1782.00 0.01210454
1783.00 0.01210383
1784.00 0.01210312
1785.00 0.01210241
1786.00 0.0121017
1787.00 0.01210099
1788.00 0.01210029
1789.00 0.01209959
1790.00 0.01209889
1791.00 0.01209818
1792.00 0.01209748
1793.00 0.01209678
1794.00 0.01209608
1795.00 0.01209538
1796.00 0.01209468
1797.00 0.01209398
1798.00 0.0120933
1799.00 0.01209261
1800.00 0.01209191
1801.00 0.01205704
1802.00 0.01202217
1803.00 0.01198732
1804.00 0.01195246
1805.00 0.01191762
1806.00 0.01188276
1807.00 0.01184793
1808.00 0.01181309
1809.00 0.01177827
1810.00 0.01174344
1811.00 0.01170862
1812.00 0.0116738
1813.00 0.01163899
1814.00 0.01160418
1815.00 0.01156938
1816.00 0.01153458
1817.00 0.01149979
1818.00 0.01146499
1819.00 0.01143021
1820.00 0.01139543
1821.00 0.01136067
1822.00 0.01132589
1823.00 0.01129112
1824.00 0.01125637
1825.00 0.0112216
1826.00 0.01118686
1827.00 0.01115211
1828.00 0.01111737
1829.00 0.01108263
1830.00 0.0110479
1831.00 0.01101318
1832.00 0.01097845
1833.00 0.01094373
1834.00 0.01090901
1835.00 0.01087429
1836.00 0.01083958
1837.00 0.01080489
1838.00 0.01077019
1839.00 0.01073549
1840.00 0.0107008
1841.00 0.01066612
1842.00 0.01063144
1843.00 0.01059676
1844.00 0.01056209
1845.00 0.01052742
1846.00 0.01049276
1847.00 0.01045809
1848.00 0.01042344
1849.00 0.01038878
1850.00 0.01035415
1851.00 0.0103195
1852.00 0.01028485
1853.00 0.01025022
1854.00 0.01021558
1855.00 0.01018097
1856.00 0.01014635
1857.00 0.01011173
1858.00 0.01007711
1859.00 0.0100425
1860.00 0.01000789
1861.00 0.009973289
1862.00 0.009938696
1863.00 0.009904092
1864.00 0.009869509
1865.00 0.009834919
1866.00 0.009800339
1867.00 0.009765754
1868.00 0.009731183
1869.00 0.009696614
1870.00 0.009662046
1871.00 0.009627483
1872.00 0.009592925
1873.00 0.009558373
1874.00 0.009523815
1875.00 0.009489274
1876.00 0.009454733
1877.00 0.009420189
1878.00 0.009385642
1879.00 0.009351115
1880.00 0.00931659
1881.00 0.009282071
1882.00 0.009247543
1883.00 0.009213032
1884.00 0.009178513
1885.00 0.009144005
1886.00 0.009109508
1887.00 0.009074994
1888.00 0.009040499
1889.00 0.009006002
1890.00 0.008971516
1891.00 0.008937027
1892.00 0.008902546
1893.00 0.008868068
1894.00 0.008833584
1895.00 0.008799117
1896.00 0.008764647
1897.00 0.008730177
1898.00 0.008695724
1899.00 0.008661268
1900.00 0.008626817
1901.00 0.008592358
1902.00 0.008557913
1903.00 0.008523471
1904.00 0.008489028
1905.00 0.008454591
1906.00 0.008420163
1907.00 0.008385745
1908.00 0.008351311
1909.00 0.008316888
1910.00 0.00828247
1911.00 0.008248055
1912.00 0.008213637
1913.00 0.008179241
1914.00 0.008144832
1915.00 0.008110433
1916.00 0.008076032
1917.00 0.008041639
1918.00 0.008007257
1919.00 0.007972866
1920.00 0.007938484
1921.00 0.007904097
1922.00 0.007869728
1923.00 0.007835357
1924.00 0.007800983
1925.00 0.007766618
1926.00 0.007732266
1927.00 0.007697898
1928.00 0.007663551
1929.00 0.007629199
1930.00 0.007594842
1931.00 0.007560498
1932.00 0.007526157
1933.00 0.007491819
1934.00 0.007457484
1935.00 0.007423156
1936.00 0.007388829
1937.00 0.007354499
1938.00 0.007320191
1939.00 0.007285869
1940.00 0.00725155
1941.00 0.00721724
1942.00 0.007182937
1943.00 0.007148632
1944.00 0.007114332
1945.00 0.007080035
1946.00 0.007045741
1947.00 0.007011457
1948.00 0.006977163
1949.00 0.006942885
1950.00 0.006908596
1951.00 0.006874324
1952.00 0.006840052
1953.00 0.006805787
1954.00 0.006771521
1955.00 0.006737256
1956.00 0.006702995
1957.00 0.006668742
1958.00 0.006634483
1959.00 0.006600235
1960.00 0.006565993
1961.00 0.006531748
1962.00 0.006497512
1963.00 0.006463278
1964.00 0.006429038
1965.00 0.006394818
1966.00 0.006360592
1967.00 0.006326369
1968.00 0.006292154
1969.00 0.006257937
1970.00 0.006223733
1971.00 0.006189524
1972.00 0.006155317
1973.00 0.006121119
1974.00 0.006086923
1975.00 0.006052736
1976.00 0.006018546
1977.00 0.005984367
1978.00 0.005950182
1979.00 0.005916003
1980.00 0.005881835
1981.00 0.00584767
1982.00 0.005813499
1983.00 0.005779342
1984.00 0.005745187
1985.00 0.005711038
1986.00 0.005676887
1987.00 0.005642746
1988.00 0.005608608
1989.00 0.005574473
1990.00 0.00554034
1991.00 0.005506213
1992.00 0.005472094
1993.00 0.005437973
1994.00 0.00540386
1995.00 0.005369746
1996.00 0.005335644
1997.00 0.005301547
1998.00 0.005267445
1999.00 0.005233354
2000.00 0.005199268
2001.00 0.005165185
2002.00 0.005131104
2003.00 0.005097029
2004.00 0.005062954
2005.00 0.005028888
2006.00 0.004994824
2007.00 0.004960766
2008.00 0.004926715
2009.00 0.004892665
2010.00 0.00485862
2011.00 0.004858371
2012.00 0.004858129
2013.00 0.00485788
2014.00 0.004857641
2015.00 0.004857397
2016.00 0.004857156
2017.00 0.004856914
2018.00 0.004856678
2019.00 0.004856443
2020.00 0.004856204
2021.00 0.004855971
2022.00 0.004855735
2023.00 0.004855499
2024.00 0.004855269
2025.00 0.004855044
2026.00 0.004854808
2027.00 0.004854575
2028.00 0.004854347
2029.00 0.004854128
2030.00 0.0048539
2031.00 0.004853683
2032.00 0.004853464
2033.00 0.004853239
2034.00 0.004853017
2035.00 0.004852803
2036.00 0.004852589
2037.00 0.004852378
2038.00 0.004852164
2039.00 0.00485195
2040.00 0.004851749
2041.00 0.004851533
2042.00 0.00485133
2043.00 0.004851124
2044.00 0.004850918
2045.00 0.004850724
2046.00 0.004850521
2047.00 0.00485032
2048.00 0.004850126
2049.00 0.004849934
2050.00 0.004849739
2051.00 0.00484955
2052.00 0.00484936
2053.00 0.004849177
2054.00 0.004848996
2055.00 0.004848809
2056.00 0.004848628
2057.00 0.004848455
2058.00 0.004848277
2059.00 0.004848099
2060.00 0.004847926
2061.00 0.004847756
2062.00 0.004847591
2063.00 0.004847424
2064.00 0.004847257
2065.00 0.004847092
2066.00 0.004846936
2067.00 0.004846774
2068.00 0.004846623
2069.00 0.004846469
2070.00 0.004846313
2071.00 0.004846173
2072.00 0.004846022
2073.00 0.00484588
2074.00 0.00484574
2075.00 0.004845603
2076.00 0.004845463
2077.00 0.004845328
2078.00 0.004845197
2079.00 0.004845065
2080.00 0.004844947
2081.00 0.004844815
2082.00 0.004844698
2083.00 0.004844577
2084.00 0.004844453
2085.00 0.004844346
2086.00 0.004844234
2087.00 0.004844122
2088.00 0.004844023
2089.00 0.004843916
2090.00 0.004843814
2091.00 0.004843718
2092.00 0.004843622
2093.00 0.004843529
2094.00 0.004843439
2095.00 0.004843351
2096.00 0.004843266
2097.00 0.004843189
2098.00 0.004843112
2099.00 0.004843035
2100.00 0.004842964
2101.00 0.00484289
2102.00 0.00484283
2103.00 0.004842764
2104.00 0.004842703
2105.00 0.004842654
2106.00 0.004842599
2107.00 0.004842539
2108.00 0.004842495
2109.00 0.004842454
2110.00 0.004842404
2111.00 0.004842377
2112.00 0.004842336
2113.00 0.004842306
2114.00 0.004842278
2115.00 0.004842251
2116.00 0.004842223
2117.00 0.004842207
2118.00 0.004842196
2119.00 0.004842188
2120.00 0.004842174
2121.00 0.004842174
2122.00 0.004842174
2123.00 0.004842171
2124.00 0.004842182
2125.00 0.004842182
2126.00 0.004842207
2127.00 0.004842223
2128.00 0.004842234
2129.00 0.004842267
2130.00 0.004842289
2131.00 0.004842317
2132.00 0.004842358
2133.00 0.004842385
2134.00 0.004842429
2135.00 0.004842484
2136.00 0.004842528
2137.00 0.004842577
2138.00 0.004842638
2139.00 0.004842698
2140.00 0.004842764
2141.00 0.004842835
2142.00 0.004842901
2143.00 0.00484298
2144.00 0.004843063
2145.00 0.004843145
2146.00 0.004843236
2147.00 0.004843326
2148.00 0.004843419
2149.00 0.004843524
2150.00 0.004843631
2151.00 0.00484374
2152.00 0.00484385
2153.00 0.004843965
2154.00 0.004844086
2155.00 0.004844215
2156.00 0.004844344
2157.00 0.004844478
2158.00 0.004844615
2159.00 0.004844761
2160.00 0.004844909
2161.00 0.00484506
2162.00 0.00484521
2163.00 0.004845375
2164.00 0.004845537
2165.00 0.004845704
2166.00 0.004845877
2167.00 0.004846061
2168.00 0.004846239
2169.00 0.004846426
2170.00 0.004846618
2171.00 0.004846812
2172.00 0.004847021
2173.00 0.004847221
2174.00 0.004847429
2175.00 0.004847643
2176.00 0.004847863
2177.00 0.00484809
2178.00 0.004848318
2179.00 0.004848551
2180.00 0.00484879
2181.00 0.004849037
2182.00 0.004849284
2183.00 0.004849533
2184.00 0.004849786
2185.00 0.004850054
2186.00 0.004850323
2187.00 0.004850592
2188.00 0.004850869
2189.00 0.004851152
2190.00 0.00485144
2191.00 0.004851728
2192.00 0.004852032
2193.00 0.004852342
2194.00 0.004852641
2195.00 0.004852956
2196.00 0.004853272
2197.00 0.004853595
2198.00 0.004853922
2199.00 0.004854254
2200.00 0.004854602
2201.00 0.004854945
2202.00 0.004855296
2203.00 0.004855644
2204.00 0.004856006
2205.00 0.004856371
2206.00 0.004856744
2207.00 0.004857126
2208.00 0.004857507
2209.00 0.004857894
2210.00 0.004858289
2211.00 0.004858681
2212.00 0.004859084
2213.00 0.004859498
2214.00 0.004859912
2215.00 0.004860332
2216.00 0.004860763
2217.00 0.004861191
2218.00 0.004861624
2219.00 0.004862076
2220.00 0.004862526
2221.00 0.004862979
2222.00 0.00486344
2223.00 0.004863903
2224.00 0.004864378
2225.00 0.004864855
2226.00 0.004865338
2227.00 0.004865837
2228.00 0.004866333
2229.00 0.004866835
2230.00 0.004867346
2231.00 0.00486785
2232.00 0.004868374
2233.00 0.004868895
2234.00 0.004869436
2235.00 0.004869968
2236.00 0.004870516
2237.00 0.004871062
2238.00 0.004871622
2239.00 0.004872181
2240.00 0.004872752
2241.00 0.004873328
2242.00 0.004873915
2243.00 0.004874502
2244.00 0.004875094
2245.00 0.004875695
2246.00 0.004876296
2247.00 0.004876907
2248.00 0.004877522
2249.00 0.00487815
2250.00 0.004878778
2251.00 0.004879422
2252.00 0.004880059
2253.00 0.004880703
2254.00 0.004881356
2255.00 0.004882023
2256.00 0.004882676
2257.00 0.004883353
2258.00 0.004884022
2259.00 0.004884713
2260.00 0.004885402
2261.00 0.004886093
2262.00 0.004886793
2263.00 0.004887492
2264.00 0.004888208
2265.00 0.004888924
2266.00 0.00488964
2267.00 0.004890364
2268.00 0.004891102
2269.00 0.00489184
2270.00 0.004892586
2271.00 0.004893334
2272.00 0.004894086
2273.00 0.004894851
2274.00 0.004895608
2275.00 0.004896379
2276.00 0.004897163
2277.00 0.004897934
2278.00 0.004898732
2279.00 0.004899517
2280.00 0.004900323
2281.00 0.004901121
2282.00 0.004901931
2283.00 0.00490274
2284.00 0.004903563
2285.00 0.004904383
2286.00 0.004905211
2287.00 0.004906048
2288.00 0.004906884
2289.00 0.004907735
2290.00 0.004908585
2291.00 0.004909438
2292.00 0.004910294
2293.00 0.004911158
2294.00 0.004912022
2295.00 0.004912902
2296.00 0.00491378
2297.00 0.004914666
2298.00 0.004915557
2299.00 0.004916446
2300.00 0.004917346
2301.00 0.004918254
2302.00 0.004919161
2303.00 0.004920075
2304.00 0.004920994
2305.00 0.004921915
2306.00 0.00492284
2307.00 0.004923772
2308.00 0.004924713
2309.00 0.004925651
2310.00 0.004926595
2311.00 0.004927552
2312.00 0.004928504
2313.00 0.004929464
2314.00 0.004930421
2315.00 0.004931395
2316.00 0.004932368
2317.00 0.004933345
2318.00 0.004934327
2319.00 0.004935314
2320.00 0.004936307
2321.00 0.004937306
2322.00 0.004938301
2323.00 0.004939308
2324.00 0.004940317
2325.00 0.004941329
2326.00 0.004942344
2327.00 0.004943367
2328.00 0.004944393
2329.00 0.004945427
2330.00 0.004946456
2331.00 0.004947495
2332.00 0.004948538
2333.00 0.004949588
2334.00 0.004950642
2335.00 0.0049517
2336.00 0.004952756
2337.00 0.004953818
2338.00 0.004954885
2339.00 0.004955954
2340.00 0.004957032
2341.00 0.004958113
2342.00 0.004959194
2343.00 0.004960277
2344.00 0.004961369
2345.00 0.004962466
2346.00 0.004963561
2347.00 0.004964663
2348.00 0.004965774
2349.00 0.004966885
2350.00 0.004967996
2351.00 0.004969115
2352.00 0.004970237
2353.00 0.004971361
2354.00 0.004972489
2355.00 0.004973624
2356.00 0.00497476
2357.00 0.004975898
2358.00 0.004977045
2359.00 0.004978188
2360.00 0.00497934
2361.00 0.004980495
2362.00 0.004981647
2363.00 0.004982813
2364.00 0.004983973
2365.00 0.004985142
2366.00 0.004986313
2367.00 0.004987487
2368.00 0.004988674
2369.00 0.004989851
2370.00 0.004991031
2371.00 0.004992224
2372.00 0.004993417
2373.00 0.00499461
2374.00 0.004995806
2375.00 0.004997007
2376.00 0.004998214
2377.00 0.004999421
2378.00 0.005000631
2379.00 0.005001843
2380.00 0.005003061
2381.00 0.005004279
2382.00 0.005005502
2383.00 0.005006728
2384.00 0.005007957
2385.00 0.005009191
2386.00 0.005010423
2387.00 0.005011663
2388.00 0.005012902
2389.00 0.005014145
2390.00 0.00501539
2391.00 0.005016638
2392.00 0.005017903
2393.00 0.005019148
2394.00 0.005020412
2395.00 0.005021674
2396.00 0.005022933
2397.00 0.005024203
2398.00 0.005025473
2399.00 0.005026737
2400.00 0.005028013
2401.00 0.005029291
2402.00 0.005030569
2403.00 0.005031858
2404.00 0.005033139
2405.00 0.005034428
2406.00 0.005035718
2407.00 0.005037007
2408.00 0.00503831
2409.00 0.005039602
2410.00 0.005040902
2411.00 0.005042199
2412.00 0.005043507
2413.00 0.005044816
2414.00 0.00504613
2415.00 0.005047435
2416.00 0.005048749
2417.00 0.005050071
2418.00 0.005051385
2419.00 0.005052704
2420.00 0.005054032
2421.00 0.005055351
2422.00 0.005056687
2423.00 0.005058012
2424.00 0.005059345
2425.00 0.005060675
2426.00 0.005062016
2427.00 0.005063347
2428.00 0.005064691
2429.00 0.005066032
2430.00 0.005067371
2431.00 0.00506872
2432.00 0.005070072
2433.00 0.005071422
2434.00 0.005072769
2435.00 0.005074124
2436.00 0.005075481
2437.00 0.005076839
2438.00 0.005078197
2439.00 0.005079554
2440.00 0.005080918
2441.00 0.005082281
2442.00 0.005083652
2443.00 0.005085018
2444.00 0.005086384
2445.00 0.005087756
2446.00 0.005089124
2447.00 0.005090499
2448.00 0.005091881
2449.00 0.005093252
2450.00 0.005094638
2451.00 0.005096012
2452.00 0.005097397
2453.00 0.005098777
2454.00 0.005100167
2455.00 0.005101547
2456.00 0.00510294
2457.00 0.005104328
2458.00 0.005105716
2459.00 0.005107107
2460.00 0.005108508
2461.00 0.005109891
2462.00 0.005111292
2463.00 0.005112686
2464.00 0.005114087
2465.00 0.005115484
2466.00 0.00511688
2467.00 0.005118284
2468.00 0.005119688
2469.00 0.005121084
2470.00 0.005122492
2471.00 0.005123901
2472.00 0.005125309
2473.00 0.005126718
2474.00 0.005128123
2475.00 0.005129527
2476.00 0.005130942
2477.00 0.005132358
2478.00 0.005133765
2479.00 0.005135177
2480.00 0.005136596
2481.00 0.005138003
2482.00 0.005139421
2483.00 0.005140842
2484.00 0.005142262
2485.00 0.005143675
2486.00 0.005145087
2487.00 0.005146511
2488.00 0.005147932
2489.00 0.005149347
2490.00 0.005150771
2491.00 0.005152194
2492.00 0.005153615
2493.00 0.005155036
2494.00 0.00515646
2495.00 0.00515788
2496.00 0.005159298
2497.00 0.005160727
2498.00 0.005162156
2499.00 0.00516358
2500.00 0.005165009
