# Wavelength(nm)  Flambda(ergs/cm^s/s/nm)
100.00 5.146443e-07
101.00 2.671233e-06
102.00 8.162335e-06
103.00 1.952094e-05
104.00 4.038757e-05
105.00 7.586052e-05
106.00 0.0001329275
107.00 0.0002209626
108.00 0.0003522575
109.00 0.0005425322
110.00 0.0008113506
111.00 0.001182353
112.00 0.001683202
113.00 0.002345143
114.00 0.003202098
115.00 0.004289204
116.00 0.005640805
117.00 0.007287866
118.00 0.009254974
119.00 0.01155697
120.00 0.01419551
121.00 0.01715579
122.00 0.02040373
123.00 0.02388405
124.00 0.02751946
125.00 0.03121129
126.00 0.03485129
127.00 0.03836106
128.00 0.04168032
129.00 0.04476201
130.00 0.04757377
131.00 0.05009859
132.00 0.05233452
133.00 0.05429364
134.00 0.05600066
135.00 0.05749115
136.00 0.05880966
137.00 0.06000799
138.00 0.06114241
139.00 0.06224236
140.00 0.06330736
141.00 0.06433544
142.00 0.06532482
143.00 0.06627394
144.00 0.0671816
145.00 0.06804731
146.00 0.06887114
147.00 0.06965399
148.00 0.07039763
149.00 0.07110449
150.00 0.07177793
151.00 0.07242184
152.00 0.07304041
153.00 0.07363777
154.00 0.07421784
155.00 0.07478448
156.00 0.07534135
157.00 0.07589206
158.00 0.07644016
159.00 0.07698899
160.00 0.0775419
161.00 0.07810223
162.00 0.07867315
163.00 0.07925797
164.00 0.07985988
165.00 0.08048215
166.00 0.08112804
167.00 0.08180097
168.00 0.08250428
169.00 0.08324155
170.00 0.08401647
171.00 0.08483279
172.00 0.08569451
173.00 0.08660582
174.00 0.08757111
175.00 0.08859503
176.00 0.08968148
177.00 0.0908304
178.00 0.09204068
179.00 0.09331117
180.00 0.09464067
181.00 0.0960278
182.00 0.09747121
183.00 0.09896938
184.00 0.1005206
185.00 0.1021231
186.00 0.1037751
187.00 0.1054743
188.00 0.1072185
189.00 0.1090053
190.00 0.110832
191.00 0.1126956
192.00 0.1145933
193.00 0.1165214
194.00 0.1184766
195.00 0.1204549
196.00 0.1224523
197.00 0.1244644
198.00 0.1264865
199.00 0.1285136
200.00 0.1305406
201.00 0.1325628
202.00 0.1345787
203.00 0.1365877
204.00 0.1385892
205.00 0.1405826
206.00 0.1425674
207.00 0.1445428
208.00 0.1465083
209.00 0.1484632
210.00 0.1504069
211.00 0.1523389
212.00 0.1542584
213.00 0.1561648
214.00 0.1580577
215.00 0.1599362
216.00 0.1617999
217.00 0.1636482
218.00 0.1654804
219.00 0.1672961
220.00 0.1690946
221.00 0.1708755
222.00 0.1726381
223.00 0.174382
224.00 0.1761066
225.00 0.1778115
226.00 0.1794966
227.00 0.1811632
228.00 0.1828131
229.00 0.184448
230.00 0.1860699
231.00 0.1876809
232.00 0.1892831
233.00 0.1908788
234.00 0.1924701
235.00 0.1940596
236.00 0.1956497
237.00 0.197243
238.00 0.1988422
239.00 0.20045
240.00 0.2020692
241.00 0.2037029
242.00 0.205354
243.00 0.2070257
244.00 0.2087213
245.00 0.210444
246.00 0.2121972
247.00 0.2139847
248.00 0.21581
249.00 0.2176768
250.00 0.219589
251.00 0.2190942
252.00 0.2280989
253.00 0.2118532
254.00 0.1854569
255.00 0.1993654
256.00 0.2237626
257.00 0.2039609
258.00 0.1903133
259.00 0.1949767
260.00 0.1992937
261.00 0.2213426
262.00 0.2058247
263.00 0.1933815
264.00 0.2123778
265.00 0.2687095
266.00 0.2652873
267.00 0.2686275
268.00 0.3095673
269.00 0.3237947
270.00 0.3461324
271.00 0.3771921
272.00 0.400527
273.00 0.4229761
274.00 0.4331884
275.00 0.4550175
276.00 0.4609235
277.00 0.4704046
278.00 0.4520104
279.00 0.4657406
280.00 0.5083412
281.00 0.5495091
282.00 0.590813
283.00 0.6178893
284.00 0.6623744
285.00 0.7657225
286.00 0.9077693
287.00 1.030714
288.00 1.132677
289.00 1.176743
290.00 1.227487
291.00 1.261008
292.00 1.270472
293.00 1.274265
294.00 1.279265
295.00 1.269577
296.00 1.247635
297.00 1.212147
298.00 1.163199
299.00 1.107135
300.00 1.045174
301.00 1.009246
302.00 0.9691045
303.00 0.958471
304.00 0.9605021
305.00 0.9616706
306.00 0.9491231
307.00 1.025899
308.00 1.108446
309.00 1.172619
310.00 1.30749
311.00 1.364589
312.00 1.410528
313.00 1.463571
314.00 1.506534
315.00 1.52905
316.00 1.56932
317.00 1.596284
318.00 1.575033
319.00 1.531881
320.00 1.484666
321.00 1.40603
322.00 1.354643
323.00 1.299261
324.00 1.250285
325.00 1.213997
326.00 1.193975
327.00 1.18559
328.00 1.182
329.00 1.188558
330.00 1.207196
331.00 1.223436
332.00 1.30309
333.00 1.343888
334.00 1.39878
335.00 1.457394
336.00 1.498017
337.00 1.474206
338.00 1.458014
339.00 1.421277
340.00 1.462031
341.00 1.522467
342.00 1.564912
343.00 1.643797
344.00 1.69282
345.00 1.715622
346.00 1.793023
347.00 1.803182
348.00 1.807186
349.00 1.861989
350.00 1.950102
351.00 1.99508
352.00 2.008539
353.00 2.026546
354.00 1.986287
355.00 1.933333
356.00 1.893412
357.00 1.829302
358.00 1.782905
359.00 1.712358
360.00 1.682195
361.00 1.712077
362.00 1.560608
363.00 1.483621
364.00 1.478184
365.00 1.342243
366.00 1.146878
367.00 1.107699
368.00 1.03981
369.00 0.9398896
370.00 0.8688896
371.00 0.8942528
372.00 0.8481987
373.00 0.8787686
374.00 0.8976509
375.00 0.9285493
376.00 0.9642454
377.00 1.038393
378.00 1.069446
379.00 1.082626
380.00 1.241757
381.00 1.365727
382.00 1.281824
383.00 1.416331
384.00 1.586236
385.00 1.7447
386.00 1.910903
387.00 2.038398
388.00 2.127479
389.00 2.151227
390.00 2.164439
391.00 2.118066
392.00 2.123904
393.00 2.112192
394.00 2.045872
395.00 2.061479
396.00 1.982918
397.00 1.919325
398.00 1.85972
399.00 1.842743
400.00 1.871117
401.00 1.885476
402.00 1.957573
403.00 2.030678
404.00 2.102678
405.00 2.182185
406.00 2.277486
407.00 2.335349
408.00 2.353693
409.00 2.339561
410.00 2.325847
411.00 2.272802
412.00 2.215255
413.00 2.188441
414.00 2.13708
415.00 2.101317
416.00 2.060538
417.00 2.023549
418.00 1.976655
419.00 1.91785
420.00 1.842872
421.00 1.743131
422.00 1.645644
423.00 1.544937
424.00 1.448178
425.00 1.362799
426.00 1.263631
427.00 1.199823
428.00 1.135979
429.00 1.127371
430.00 1.097883
431.00 1.120518
432.00 1.172355
433.00 1.211021
434.00 1.257402
435.00 1.321336
436.00 1.368089
437.00 1.429782
438.00 1.463766
439.00 1.458787
440.00 1.457154
441.00 1.428906
442.00 1.429597
443.00 1.44302
444.00 1.491964
445.00 1.55875
446.00 1.632976
447.00 1.723283
448.00 1.75886
449.00 1.807531
450.00 1.825589
451.00 1.83044
452.00 1.818753
453.00 1.795677
454.00 1.769587
455.00 1.745956
456.00 1.734927
457.00 1.704809
458.00 1.689097
459.00 1.665162
460.00 1.604204
461.00 1.532883
462.00 1.430834
463.00 1.345366
464.00 1.271586
465.00 1.22167
466.00 1.196764
467.00 1.175363
468.00 1.159102
469.00 1.126957
470.00 1.093018
471.00 1.04141
472.00 1.003052
473.00 0.9711814
474.00 0.9430488
475.00 0.9330182
476.00 0.9338512
477.00 0.9342726
478.00 0.9370631
479.00 0.9357712
480.00 0.9213477
481.00 0.900178
482.00 0.867033
483.00 0.8326765
484.00 0.7904034
485.00 0.7541016
486.00 0.7287256
487.00 0.7168009
488.00 0.7268859
489.00 0.7356955
490.00 0.7598738
491.00 0.7707591
492.00 0.78286
493.00 0.7909642
494.00 0.795795
495.00 0.803893
496.00 0.8053698
497.00 0.8148864
498.00 0.8165448
499.00 0.8219055
500.00 0.849034
501.00 0.8707804
502.00 0.8980498
503.00 0.93429
504.00 0.9676546
505.00 1.006467
506.00 1.036095
507.00 1.069588
508.00 1.098911
509.00 1.118585
510.00 1.138428
511.00 1.140475
512.00 1.138355
513.00 1.13491
514.00 1.128185
515.00 1.119748
516.00 1.12748
517.00 1.113621
518.00 1.09089
519.00 1.064363
520.00 1.023409
521.00 0.9788816
522.00 0.9334946
523.00 0.8812524
524.00 0.8376855
525.00 0.7988494
526.00 0.77478
527.00 0.7588146
528.00 0.7514368
529.00 0.7503962
530.00 0.7572434
531.00 0.7639521
532.00 0.7831309
533.00 0.7950042
534.00 0.8029291
535.00 0.8078838
536.00 0.8035074
537.00 0.7961845
538.00 0.7802535
539.00 0.7623736
540.00 0.7431919
541.00 0.7195367
542.00 0.6998692
543.00 0.6845363
544.00 0.6764945
545.00 0.6778218
546.00 0.69172
547.00 0.7143438
548.00 0.7454136
549.00 0.7781763
550.00 0.817363
551.00 0.8472866
552.00 0.8793607
553.00 0.90367
554.00 0.9184001
555.00 0.9222835
556.00 0.9191471
557.00 0.9233348
558.00 0.9235815
559.00 0.9359457
560.00 0.9285021
561.00 0.9273414
562.00 0.924044
563.00 0.9202781
564.00 0.9140554
565.00 0.9002276
566.00 0.8945029
567.00 0.8843844
568.00 0.8753214
569.00 0.867995
570.00 0.8534284
571.00 0.8354938
572.00 0.8162241
573.00 0.7956181
574.00 0.7877966
575.00 0.7759416
576.00 0.774877
577.00 0.7786902
578.00 0.779475
579.00 0.7842184
580.00 0.7949001
581.00 0.8011184
582.00 0.8094514
583.00 0.8153432
584.00 0.8189819
585.00 0.822574
586.00 0.8148905
587.00 0.8177653
588.00 0.801184
589.00 0.7770367
590.00 0.7932698
591.00 0.819328
592.00 0.8094563
593.00 0.7798664
594.00 0.7399524
595.00 0.6984408
596.00 0.6564618
597.00 0.6211089
598.00 0.5850895
599.00 0.5582006
600.00 0.5287342
601.00 0.5040463
602.00 0.4723522
603.00 0.4475189
604.00 0.4167735
605.00 0.3842866
606.00 0.3559909
607.00 0.3324339
608.00 0.314458
609.00 0.3057692
610.00 0.301917
611.00 0.3069983
612.00 0.3107699
613.00 0.3246863
614.00 0.3446389
615.00 0.3682128
616.00 0.4008599
617.00 0.4361464
618.00 0.466559
619.00 0.5020188
620.00 0.5396545
621.00 0.5744659
622.00 0.6036624
623.00 0.6282955
624.00 0.6484646
625.00 0.6669658
626.00 0.6828576
627.00 0.7032075
628.00 0.7099058
629.00 0.7260777
630.00 0.7360799
631.00 0.7417793
632.00 0.738556
633.00 0.7400906
634.00 0.7404169
635.00 0.7404075
636.00 0.7360218
637.00 0.7287943
638.00 0.719779
639.00 0.7102573
640.00 0.7015227
641.00 0.685187
642.00 0.6744307
643.00 0.6622492
644.00 0.6520185
645.00 0.6358181
646.00 0.6282677
647.00 0.6204488
648.00 0.6132787
649.00 0.5989959
650.00 0.591066
651.00 0.5876844
652.00 0.5796324
653.00 0.5680926
654.00 0.5672166
655.00 0.5596229
656.00 0.5507678
657.00 0.5402483
658.00 0.531698
659.00 0.518852
660.00 0.513333
661.00 0.5068126
662.00 0.5000361
663.00 0.4911483
664.00 0.4793125
665.00 0.4747424
666.00 0.4687264
667.00 0.4587421
668.00 0.4514006
669.00 0.4448574
670.00 0.4331969
671.00 0.4270775
672.00 0.4213542
673.00 0.4133389
674.00 0.4023747
675.00 0.4036656
676.00 0.393272
677.00 0.3942388
678.00 0.3876607
679.00 0.3832964
680.00 0.3788003
681.00 0.3796662
682.00 0.372117
683.00 0.3638608
684.00 0.3601137
685.00 0.3533003
686.00 0.3595906
687.00 0.3489338
688.00 0.3472723
689.00 0.3374603
690.00 0.3394186
691.00 0.3314705
692.00 0.3284842
693.00 0.3308959
694.00 0.3264778
695.00 0.3291124
696.00 0.3225171
697.00 0.3196625
698.00 0.317856
699.00 0.3139992
700.00 0.3103228
701.00 0.311795
702.00 0.3107358
703.00 0.3071012
704.00 0.308922
705.00 0.3047126
706.00 0.3032423
707.00 0.3023539
708.00 0.3009509
709.00 0.2994301
710.00 0.2992625
711.00 0.2950437
712.00 0.2926262
713.00 0.2896176
714.00 0.2823483
715.00 0.2815378
716.00 0.2795561
717.00 0.2741034
718.00 0.278582
719.00 0.2745171
720.00 0.268826
721.00 0.2735595
722.00 0.2721575
723.00 0.2680511
724.00 0.265547
725.00 0.2590007
726.00 0.2573213
727.00 0.2574242
728.00 0.2540367
729.00 0.2506861
730.00 0.2516178
731.00 0.2476103
732.00 0.2410548
733.00 0.2407442
734.00 0.2357005
735.00 0.2310049
736.00 0.2288974
737.00 0.2252068
738.00 0.2208685
739.00 0.2152661
740.00 0.210678
741.00 0.207979
742.00 0.2029707
743.00 0.2016458
744.00 0.1961697
745.00 0.1926747
746.00 0.1935606
747.00 0.1903061
748.00 0.1904571
749.00 0.1965924
750.00 0.199243
751.00 0.2011122
752.00 0.2038634
753.00 0.2046249
754.00 0.2042469
755.00 0.2010276
756.00 0.1994708
757.00 0.1873977
758.00 0.1838921
759.00 0.1898373
760.00 0.1909807
761.00 0.2000789
762.00 0.2081664
763.00 0.2041757
764.00 0.210662
765.00 0.2149413
766.00 0.2087456
767.00 0.2106993
768.00 0.2097988
769.00 0.2151513
770.00 0.2184129
771.00 0.2187694
772.00 0.2215867
773.00 0.2229943
774.00 0.2245844
775.00 0.2247706
776.00 0.22644
777.00 0.230496
778.00 0.2346469
779.00 0.2316912
780.00 0.2317919
781.00 0.2372882
782.00 0.236272
783.00 0.2292544
784.00 0.2341703
785.00 0.2364791
786.00 0.229611
787.00 0.2224896
788.00 0.2291144
789.00 0.2263385
790.00 0.2160728
791.00 0.2152798
792.00 0.2192831
793.00 0.2106562
794.00 0.2006331
795.00 0.1997392
796.00 0.1948261
797.00 0.1859185
798.00 0.1770966
799.00 0.1795372
800.00 0.1768638
801.00 0.1684068
802.00 0.1620324
803.00 0.1642908
804.00 0.1590472
805.00 0.1549545
806.00 0.1482156
807.00 0.1481512
808.00 0.1479948
809.00 0.1441403
810.00 0.1378967
811.00 0.1396603
812.00 0.1377029
813.00 0.1301173
814.00 0.1285428
815.00 0.1296755
816.00 0.129471
817.00 0.12626
818.00 0.1204874
819.00 0.1203657
820.00 0.1217484
821.00 0.1176699
822.00 0.1135735
823.00 0.1136571
824.00 0.1165965
825.00 0.1105377
826.00 0.1141382
827.00 0.1175855
828.00 0.1229632
829.00 0.1205026
830.00 0.1267057
831.00 0.1351002
832.00 0.1370037
833.00 0.132937
834.00 0.1377984
835.00 0.1460134
836.00 0.1489114
837.00 0.1471377
838.00 0.1530385
839.00 0.1615616
840.00 0.1653138
841.00 0.1629516
842.00 0.1679228
843.00 0.1782484
844.00 0.1808137
845.00 0.1773585
846.00 0.1824076
847.00 0.1917601
848.00 0.1943008
849.00 0.1888722
850.00 0.1909045
851.00 0.1985412
852.00 0.1994609
853.00 0.1922182
854.00 0.1934484
855.00 0.198346
856.00 0.1932923
857.00 0.1916965
858.00 0.193983
859.00 0.1994998
860.00 0.1938089
861.00 0.1880125
862.00 0.1891323
863.00 0.1933889
864.00 0.1891389
865.00 0.1821887
866.00 0.1884112
867.00 0.1930695
868.00 0.1861998
869.00 0.1807723
870.00 0.1836451
871.00 0.1877479
872.00 0.1818691
873.00 0.1713819
874.00 0.1705376
875.00 0.1797974
876.00 0.1735973
877.00 0.1667346
878.00 0.1655004
879.00 0.1717316
880.00 0.1653819
881.00 0.1581743
882.00 0.1560321
883.00 0.1607964
884.00 0.1629177
885.00 0.1529844
886.00 0.1489784
887.00 0.1497071
888.00 0.1514122
889.00 0.1456057
890.00 0.1388883
891.00 0.1397926
892.00 0.1419302
893.00 0.1449817
894.00 0.142037
895.00 0.1393284
896.00 0.1353908
897.00 0.1354717
898.00 0.1356585
899.00 0.1400155
900.00 0.1417888
901.00 0.1331958
902.00 0.1306427
903.00 0.1336191
904.00 0.1359544
905.00 0.1332799
906.00 0.1334415
907.00 0.1306802
908.00 0.1308771
909.00 0.1312168
910.00 0.1300264
911.00 0.1329505
912.00 0.1317499
913.00 0.1303781
914.00 0.1335616
915.00 0.1320113
916.00 0.1299374
917.00 0.1340801
918.00 0.1329351
919.00 0.1394525
920.00 0.1355001
921.00 0.139202
922.00 0.1389461
923.00 0.138144
924.00 0.1354813
925.00 0.1354845
926.00 0.1381767
927.00 0.1356802
928.00 0.1318076
929.00 0.130509
930.00 0.1244512
931.00 0.1141742
932.00 0.1022994
933.00 0.1006964
934.00 0.08951799
935.00 0.09394972
936.00 0.0899591
937.00 0.09559102
938.00 0.09178332
939.00 0.1062301
940.00 0.1102298
941.00 0.1077215
942.00 0.1023563
943.00 0.09396292
944.00 0.09170381
945.00 0.09457679
946.00 0.09087622
947.00 0.09300927
948.00 0.09508894
949.00 0.09558175
950.00 0.0836624
951.00 0.09570002
952.00 0.0859928
953.00 0.08797899
954.00 0.09146133
955.00 0.08880662
956.00 0.08887188
957.00 0.08378527
958.00 0.090909
959.00 0.08338551
960.00 0.08685156
961.00 0.08597629
962.00 0.08757668
963.00 0.08627037
964.00 0.08572629
965.00 0.0850339
966.00 0.08890335
967.00 0.08106639
968.00 0.08388982
969.00 0.08279481
970.00 0.08227829
971.00 0.08449231
972.00 0.08070342
973.00 0.08405708
974.00 0.08026054
975.00 0.07955515
976.00 0.07724707
977.00 0.08133406
978.00 0.07859279
979.00 0.07759288
980.00 0.07877312
981.00 0.07486778
982.00 0.07651588
983.00 0.07767172
984.00 0.07840146
985.00 0.07731577
986.00 0.07643319
987.00 0.07510901
988.00 0.07821602
989.00 0.07444601
990.00 0.07542449
991.00 0.07005049
992.00 0.0754623
993.00 0.06939907
994.00 0.06945814
995.00 0.07528889
996.00 0.07153432
997.00 0.07141453
998.00 0.07122202
999.00 0.07131001
1000.00 0.07140509
1001.00 0.07114937
1002.00 0.07089376
1003.00 0.07063814
1004.00 0.07038252
1005.00 0.07012695
1006.00 0.06987136
1007.00 0.06961582
1008.00 0.06936015
1009.00 0.06910456
1010.00 0.06884899
1011.00 0.06859337
1012.00 0.06833773
1013.00 0.06808209
1014.00 0.06782635
1015.00 0.06757071
1016.00 0.06731497
1017.00 0.06705921
1018.00 0.06680343
1019.00 0.06654759
1020.00 0.06629173
1021.00 0.06603585
1022.00 0.06577989
1023.00 0.06552384
1024.00 0.06526779
1025.00 0.06501164
1026.00 0.06475549
1027.00 0.06449924
1028.00 0.06424292
1029.00 0.06398656
1030.00 0.06373007
1031.00 0.06347348
1032.00 0.06321695
1033.00 0.06296029
1034.00 0.06270348
1035.00 0.06244668
1036.00 0.06218978
1037.00 0.06193269
1038.00 0.0616756
1039.00 0.0614184
1040.00 0.06116107
1041.00 0.06090369
1042.00 0.06064616
1043.00 0.0603886
1044.00 0.06013088
1045.00 0.05987304
1046.00 0.05961512
1047.00 0.05935715
1048.00 0.05909902
1049.00 0.05884074
1050.00 0.05858241
1051.00 0.05832401
1052.00 0.05806549
1053.00 0.05780685
1054.00 0.05754808
1055.00 0.0572893
1056.00 0.05703036
1057.00 0.05677128
1058.00 0.05651216
1059.00 0.05625286
1060.00 0.05599359
1061.00 0.05573412
1062.00 0.05547456
1063.00 0.0552149
1064.00 0.05495517
1065.00 0.05469527
1066.00 0.05443534
1067.00 0.05417525
1068.00 0.0539151
1069.00 0.05365486
1070.00 0.05339448
1071.00 0.05313402
1072.00 0.05287347
1073.00 0.05261284
1074.00 0.05235209
1075.00 0.05209115
1076.00 0.05183025
1077.00 0.05156914
1078.00 0.05130801
1079.00 0.05104675
1080.00 0.05078537
1081.00 0.05052394
1082.00 0.05026237
1083.00 0.0500007
1084.00 0.04973891
1085.00 0.04947703
1086.00 0.04921509
1087.00 0.04895304
1088.00 0.04869088
1089.00 0.04842864
1090.00 0.04816622
1091.00 0.04790377
1092.00 0.04764128
1093.00 0.04737862
1094.00 0.04711586
1095.00 0.04685294
1096.00 0.04659003
1097.00 0.04632696
1098.00 0.04606384
1099.00 0.04580057
1100.00 0.04553724
1101.00 0.0452738
1102.00 0.04501024
1103.00 0.04474661
1104.00 0.04448284
1105.00 0.04421904
1106.00 0.0439551
1107.00 0.04369106
1108.00 0.04342692
1109.00 0.04316271
1110.00 0.04289838
1111.00 0.04263397
1112.00 0.04236947
1113.00 0.04210485
1114.00 0.04184013
1115.00 0.04157534
1116.00 0.04131041
1117.00 0.04104545
1118.00 0.04078034
1119.00 0.04051514
1120.00 0.04024989
1121.00 0.03998444
1122.00 0.03971902
1123.00 0.03945341
1124.00 0.03918774
1125.00 0.03892199
1126.00 0.03865613
1127.00 0.03839018
1128.00 0.03812413
1129.00 0.037858
1130.00 0.03759178
1131.00 0.03758522
1132.00 0.03757869
1133.00 0.03757225
1134.00 0.03756574
1135.00 0.03755925
1136.00 0.03755281
1137.00 0.03754637
1138.00 0.03753996
1139.00 0.03753354
1140.00 0.03752718
1141.00 0.03752081
1142.00 0.03751447
1143.00 0.03750815
1144.00 0.03750186
1145.00 0.03749559
1146.00 0.03748927
1147.00 0.03748303
1148.00 0.03747681
1149.00 0.03747054
1150.00 0.03746436
1151.00 0.03745819
1152.00 0.03745204
1153.00 0.03744589
1154.00 0.03743977
1155.00 0.03743367
1156.00 0.03742759
1157.00 0.03742152
1158.00 0.03741549
1159.00 0.03740949
1160.00 0.03740344
1161.00 0.03739751
1162.00 0.03739153
1163.00 0.0373856
1164.00 0.03737969
1165.00 0.03737376
1166.00 0.03736788
1167.00 0.03736202
1168.00 0.03735619
1169.00 0.03735043
1170.00 0.03734459
1171.00 0.03733883
1172.00 0.03733307
1173.00 0.03732738
1174.00 0.03732167
1175.00 0.03731596
1176.00 0.03731029
1177.00 0.03730465
1178.00 0.03729901
1179.00 0.03729344
1180.00 0.03728788
1181.00 0.03728233
1182.00 0.03727681
1183.00 0.0372713
1184.00 0.03726585
1185.00 0.03726033
1186.00 0.03725491
1187.00 0.03724951
1188.00 0.03724411
1189.00 0.03723879
1190.00 0.03723341
1191.00 0.03722811
1192.00 0.03722279
1193.00 0.03721751
1194.00 0.03721228
1195.00 0.03720703
1196.00 0.03720185
1197.00 0.03719669
1198.00 0.03719154
1199.00 0.0371864
1200.00 0.03718132
1201.00 0.03717621
1202.00 0.0371712
1203.00 0.03716614
1204.00 0.03716116
1205.00 0.03715622
1206.00 0.03715123
1207.00 0.03714629
1208.00 0.03714143
1209.00 0.03713654
1210.00 0.03713167
1211.00 0.03712688
1212.00 0.03712206
1213.00 0.03711725
1214.00 0.03711255
1215.00 0.03710788
1216.00 0.03710314
1217.00 0.03709849
1218.00 0.03709382
1219.00 0.03708922
1220.00 0.03708464
1221.00 0.03708004
1222.00 0.03707552
1223.00 0.03707104
1224.00 0.03706656
1225.00 0.03706211
1226.00 0.0370577
1227.00 0.03705327
1228.00 0.03704894
1229.00 0.0370446
1230.00 0.03704025
1231.00 0.03703599
1232.00 0.03703173
1233.00 0.03702749
1234.00 0.03702328
1235.00 0.03701912
1236.00 0.0370149
1237.00 0.03701081
1238.00 0.03700672
1239.00 0.03700266
1240.00 0.03699864
1241.00 0.03699462
1242.00 0.03699065
1243.00 0.0369867
1244.00 0.03698278
1245.00 0.03697889
1246.00 0.03697501
1247.00 0.03697121
1248.00 0.03696739
1249.00 0.03696361
1250.00 0.03695986
1251.00 0.03696763
1252.00 0.0369755
1253.00 0.03698329
1254.00 0.03699113
1255.00 0.0369989
1256.00 0.03700675
1257.00 0.03701457
1258.00 0.03702238
1259.00 0.03703025
1260.00 0.03703812
1261.00 0.03704594
1262.00 0.03705383
1263.00 0.03706162
1264.00 0.03706951
1265.00 0.03707738
1266.00 0.03708527
1267.00 0.03709321
1268.00 0.03710108
1269.00 0.03710894
1270.00 0.03711691
1271.00 0.0371248
1272.00 0.03713267
1273.00 0.03714063
1274.00 0.03714864
1275.00 0.03715658
1276.00 0.03716447
1277.00 0.03717246
1278.00 0.03718045
1279.00 0.03718841
1280.00 0.03719643
1281.00 0.03720446
1282.00 0.03721243
1283.00 0.03722046
1284.00 0.03722855
1285.00 0.03723654
1286.00 0.03724457
1287.00 0.03725268
1288.00 0.03726072
1289.00 0.0372688
1290.00 0.03727691
1291.00 0.037285
1292.00 0.03729318
1293.00 0.03730124
1294.00 0.03730944
1295.00 0.03731758
1296.00 0.03732574
1297.00 0.03733392
1298.00 0.03734207
1299.00 0.0373503
1300.00 0.03735851
1301.00 0.03736679
1302.00 0.03737497
1303.00 0.03738322
1304.00 0.03739148
1305.00 0.03739976
1306.00 0.03740806
1307.00 0.03741639
1308.00 0.03742469
1309.00 0.03743302
1310.00 0.03744137
1311.00 0.03744974
1312.00 0.03745812
1313.00 0.03746649
1314.00 0.03747492
1315.00 0.03748332
1316.00 0.03749172
1317.00 0.03750024
1318.00 0.03750869
1319.00 0.03751711
1320.00 0.03752565
1321.00 0.03753415
1322.00 0.03754265
1323.00 0.03755122
1324.00 0.03755974
1325.00 0.03756828
1326.00 0.03757692
1327.00 0.03758549
1328.00 0.03759411
1329.00 0.03760275
1330.00 0.03761144
1331.00 0.03762006
1332.00 0.03762875
1333.00 0.03763744
1334.00 0.03764615
1335.00 0.03765489
1336.00 0.03766365
1337.00 0.03767244
1338.00 0.03768118
1339.00 0.03769001
1340.00 0.03769882
1341.00 0.03770766
1342.00 0.03771652
1343.00 0.03772535
1344.00 0.03773429
1345.00 0.03774317
1346.00 0.0377521
1347.00 0.03776106
1348.00 0.03776997
1349.00 0.03777897
1350.00 0.03778798
1351.00 0.03779703
1352.00 0.03780603
1353.00 0.03781513
1354.00 0.03782416
1355.00 0.03783324
1356.00 0.03784234
1357.00 0.03785152
1358.00 0.03786062
1359.00 0.03786982
1360.00 0.03787899
1361.00 0.03788821
1362.00 0.03789748
1363.00 0.03790666
1364.00 0.03791595
1365.00 0.03792525
1366.00 0.03793454
1367.00 0.03794391
1368.00 0.03795326
1369.00 0.03796257
1370.00 0.03797194
1371.00 0.03778146
1372.00 0.03759091
1373.00 0.03740029
1374.00 0.03720957
1375.00 0.0370187
1376.00 0.03682784
1377.00 0.03663685
1378.00 0.03644577
1379.00 0.03625471
1380.00 0.03606346
1381.00 0.03587216
1382.00 0.03568076
1383.00 0.03548934
1384.00 0.03529779
1385.00 0.03510618
1386.00 0.03491446
1387.00 0.03472268
1388.00 0.0345308
1389.00 0.03433887
1390.00 0.03414681
1391.00 0.03395471
1392.00 0.03376249
1393.00 0.03357022
1394.00 0.03337783
1395.00 0.03318539
1396.00 0.03299286
1397.00 0.03280025
1398.00 0.03260752
1399.00 0.03241469
1400.00 0.03222187
1401.00 0.03202887
1402.00 0.03183583
1403.00 0.03164269
1404.00 0.03144947
1405.00 0.03125616
1406.00 0.03106271
1407.00 0.03086923
1408.00 0.03067565
1409.00 0.03048198
1410.00 0.03028823
1411.00 0.03009437
1412.00 0.02990045
1413.00 0.02970639
1414.00 0.02951228
1415.00 0.02931808
1416.00 0.02912377
1417.00 0.0289294
1418.00 0.0287349
1419.00 0.02854033
1420.00 0.02834567
1421.00 0.0281509
1422.00 0.02795604
1423.00 0.02776111
1424.00 0.02756606
1425.00 0.02737093
1426.00 0.02717569
1427.00 0.02698037
1428.00 0.02678493
1429.00 0.02658944
1430.00 0.02639383
1431.00 0.02619812
1432.00 0.02600232
1433.00 0.02580642
1434.00 0.02561042
1435.00 0.02541433
1436.00 0.02521813
1437.00 0.02502182
1438.00 0.02482546
1439.00 0.02462893
1440.00 0.02443238
1441.00 0.02423568
1442.00 0.02403889
1443.00 0.023842
1444.00 0.02364501
1445.00 0.02344792
1446.00 0.02325074
1447.00 0.02305342
1448.00 0.02285604
1449.00 0.02265854
1450.00 0.02246093
1451.00 0.02226322
1452.00 0.02206542
1453.00 0.02186751
1454.00 0.02166947
1455.00 0.02147135
1456.00 0.02127312
1457.00 0.02107479
1458.00 0.02087635
1459.00 0.0206778
1460.00 0.02047914
1461.00 0.02028037
1462.00 0.02008151
1463.00 0.01988252
1464.00 0.01968344
1465.00 0.01948424
1466.00 0.01928494
1467.00 0.01908552
1468.00 0.01888598
1469.00 0.01868636
1470.00 0.0184866
1471.00 0.01828674
1472.00 0.01808677
1473.00 0.01788669
1474.00 0.01768648
1475.00 0.01748618
1476.00 0.01728575
1477.00 0.01708522
1478.00 0.01688456
1479.00 0.01668379
1480.00 0.01648291
1481.00 0.01628192
1482.00 0.01608079
1483.00 0.01587956
1484.00 0.01567821
1485.00 0.01547674
1486.00 0.01527516
1487.00 0.01507346
1488.00 0.01487163
1489.00 0.01466969
1490.00 0.01446763
1491.00 0.01426545
1492.00 0.01406314
1493.00 0.01386072
1494.00 0.01365815
1495.00 0.01345548
1496.00 0.01325269
1497.00 0.01304977
1498.00 0.01284672
1499.00 0.01264355
1500.00 0.01244025
1501.00 0.01244425
1502.00 0.01244827
1503.00 0.01245229
1504.00 0.01245631
1505.00 0.01246034
1506.00 0.01246438
1507.00 0.01246842
1508.00 0.01247247
1509.00 0.01247654
1510.00 0.0124806
1511.00 0.01248467
1512.00 0.01248874
1513.00 0.01249283
1514.00 0.01249692
1515.00 0.01250102
1516.00 0.01250512
1517.00 0.01250923
1518.00 0.01251333
1519.00 0.01251746
1520.00 0.01252158
1521.00 0.01252571
1522.00 0.01252984
1523.00 0.01253399
1524.00 0.01253812
1525.00 0.01254228
1526.00 0.01254643
1527.00 0.01255059
1528.00 0.01255475
1529.00 0.01255892
1530.00 0.0125631
1531.00 0.01256727
1532.00 0.01257146
1533.00 0.01257564
1534.00 0.01257983
1535.00 0.01258402
1536.00 0.01258822
1537.00 0.01259242
1538.00 0.01259662
1539.00 0.01260083
1540.00 0.01260504
1541.00 0.01260926
1542.00 0.01261347
1543.00 0.0126177
1544.00 0.01262192
1545.00 0.01262614
1546.00 0.01263038
1547.00 0.01263461
1548.00 0.01263884
1549.00 0.01264308
1550.00 0.01264731
1551.00 0.01265156
1552.00 0.0126558
1553.00 0.01266004
1554.00 0.01266429
1555.00 0.01266854
1556.00 0.01267279
1557.00 0.01267704
1558.00 0.0126813
1559.00 0.01268555
1560.00 0.01268981
1561.00 0.01269406
1562.00 0.01269832
1563.00 0.01270258
1564.00 0.01270684
1565.00 0.0127111
1566.00 0.01271536
1567.00 0.01271963
1568.00 0.01272389
1569.00 0.01272815
1570.00 0.01273241
1571.00 0.01273667
1572.00 0.01274094
1573.00 0.0127452
1574.00 0.01274947
1575.00 0.01275372
1576.00 0.01275798
1577.00 0.01276225
1578.00 0.0127665
1579.00 0.01277075
1580.00 0.01277502
1581.00 0.01277927
1582.00 0.01278353
1583.00 0.01278778
1584.00 0.01279204
1585.00 0.01279629
1586.00 0.01280054
1587.00 0.01280478
1588.00 0.01280903
1589.00 0.01281328
1590.00 0.01281752
1591.00 0.01282175
1592.00 0.012826
1593.00 0.01283023
1594.00 0.01283446
1595.00 0.01283869
1596.00 0.01284291
1597.00 0.01284714
1598.00 0.01285136
1599.00 0.01285558
1600.00 0.01285979
1601.00 0.01286401
1602.00 0.01286821
1603.00 0.01287242
1604.00 0.01287662
1605.00 0.01288082
1606.00 0.01288501
1607.00 0.0128892
1608.00 0.01289338
1609.00 0.01289756
1610.00 0.01290173
1611.00 0.0129059
1612.00 0.01291007
1613.00 0.01291423
1614.00 0.01291839
1615.00 0.01292254
1616.00 0.01292669
1617.00 0.01293083
1618.00 0.01293496
1619.00 0.01293909
1620.00 0.01294323
1621.00 0.01294734
1622.00 0.01295146
1623.00 0.01295556
1624.00 0.01295967
1625.00 0.01296376
1626.00 0.01296469
1627.00 0.0129656
1628.00 0.01296652
1629.00 0.01296744
1630.00 0.01296835
1631.00 0.01296925
1632.00 0.01297017
1633.00 0.01297107
1634.00 0.01297197
1635.00 0.01297286
1636.00 0.01297375
1637.00 0.01297464
1638.00 0.01297553
1639.00 0.01297641
1640.00 0.01297728
1641.00 0.01297815
1642.00 0.01297902
1643.00 0.01297989
1644.00 0.01298074
1645.00 0.0129816
1646.00 0.01298245
1647.00 0.01298329
1648.00 0.01298412
1649.00 0.01298496
1650.00 0.01298579
1651.00 0.01298662
1652.00 0.01298743
1653.00 0.01298824
1654.00 0.01298904
1655.00 0.01298984
1656.00 0.01299064
1657.00 0.01299143
1658.00 0.01299221
1659.00 0.01299298
1660.00 0.01299375
1661.00 0.01299451
1662.00 0.01299526
1663.00 0.01299601
1664.00 0.01299675
1665.00 0.01299748
1666.00 0.01299821
1667.00 0.01299892
1668.00 0.01299963
1669.00 0.01300035
1670.00 0.01300103
1671.00 0.01300172
1672.00 0.01300239
1673.00 0.01300307
1674.00 0.01300373
1675.00 0.01300439
1676.00 0.01300502
1677.00 0.01300567
1678.00 0.01300629
1679.00 0.01300691
1680.00 0.01300753
1681.00 0.01300812
1682.00 0.01300872
1683.00 0.0130093
1684.00 0.01300987
1685.00 0.01301044
1686.00 0.01301099
1687.00 0.01301154
1688.00 0.01301207
1689.00 0.0130126
1690.00 0.01301311
1691.00 0.01301362
1692.00 0.01301413
1693.00 0.01301462
1694.00 0.01301511
1695.00 0.01301557
1696.00 0.01301604
1697.00 0.01301649
1698.00 0.01301694
1699.00 0.01301737
1700.00 0.0130178
1701.00 0.01301822
1702.00 0.01301863
1703.00 0.01301903
1704.00 0.01301943
1705.00 0.01301981
1706.00 0.01302018
1707.00 0.01302055
1708.00 0.01302091
1709.00 0.01302125
1710.00 0.01302159
1711.00 0.01302192
1712.00 0.01302224
1713.00 0.01302256
1714.00 0.01302287
1715.00 0.01302316
1716.00 0.01302344
1717.00 0.01302372
1718.00 0.01302399
1719.00 0.01302425
1720.00 0.01302451
1721.00 0.01302474
1722.00 0.01302498
1723.00 0.0130252
1724.00 0.01302542
1725.00 0.01302563
1726.00 0.01302583
1727.00 0.01302601
1728.00 0.0130262
1729.00 0.01302637
1730.00 0.01302654
1731.00 0.01302669
1732.00 0.01302684
1733.00 0.01302698
1734.00 0.01302711
1735.00 0.01302723
1736.00 0.01302734
1737.00 0.01302744
1738.00 0.01302754
1739.00 0.01302764
1740.00 0.01302771
1741.00 0.01302779
1742.00 0.01302785
1743.00 0.0130279
1744.00 0.01302794
1745.00 0.01302798
1746.00 0.01302801
1747.00 0.01302803
1748.00 0.01302804
1749.00 0.01302805
1750.00 0.01302804
1751.00 0.01302802
1752.00 0.01302801
1753.00 0.01302797
1754.00 0.01302794
1755.00 0.01302789
1756.00 0.01302783
1757.00 0.01302776
1758.00 0.0130277
1759.00 0.01302761
1760.00 0.01302753
1761.00 0.01302743
1762.00 0.01302733
1763.00 0.01302722
1764.00 0.0130271
1765.00 0.01302697
1766.00 0.01302682
1767.00 0.01302668
1768.00 0.01302653
1769.00 0.01302636
1770.00 0.01302619
1771.00 0.01302602
1772.00 0.01302583
1773.00 0.01302564
1774.00 0.01302543
1775.00 0.01302522
1776.00 0.01302501
1777.00 0.01302478
1778.00 0.01302455
1779.00 0.01302431
1780.00 0.01302405
1781.00 0.01302379
1782.00 0.01302352
1783.00 0.01302326
1784.00 0.01302297
1785.00 0.01302268
1786.00 0.01302238
1787.00 0.01302207
1788.00 0.01302176
1789.00 0.01302144
1790.00 0.01302111
1791.00 0.01302077
1792.00 0.01302043
1793.00 0.01302007
1794.00 0.01301971
1795.00 0.01301934
1796.00 0.01301896
1797.00 0.01301857
1798.00 0.0130182
1799.00 0.01301779
1800.00 0.01301738
1801.00 0.01298017
1802.00 0.01294295
1803.00 0.01290573
1804.00 0.0128685
1805.00 0.01283127
1806.00 0.01279402
1807.00 0.01275679
1808.00 0.01271954
1809.00 0.0126823
1810.00 0.01264504
1811.00 0.01260778
1812.00 0.0125705
1813.00 0.01253324
1814.00 0.01249596
1815.00 0.01245869
1816.00 0.0124214
1817.00 0.01238411
1818.00 0.01234682
1819.00 0.01230953
1820.00 0.01227222
1821.00 0.01223492
1822.00 0.01219761
1823.00 0.0121603
1824.00 0.01212299
1825.00 0.01208567
1826.00 0.01204835
1827.00 0.01201102
1828.00 0.0119737
1829.00 0.01193636
1830.00 0.01189903
1831.00 0.0118617
1832.00 0.01182436
1833.00 0.01178701
1834.00 0.01174966
1835.00 0.0117123
1836.00 0.01167495
1837.00 0.0116376
1838.00 0.01160024
1839.00 0.01156288
1840.00 0.01152552
1841.00 0.01148816
1842.00 0.01145079
1843.00 0.01141342
1844.00 0.01137605
1845.00 0.01133868
1846.00 0.0113013
1847.00 0.01126392
1848.00 0.01122654
1849.00 0.01118915
1850.00 0.01115178
1851.00 0.01111439
1852.00 0.011077
1853.00 0.01103962
1854.00 0.01100222
1855.00 0.01096484
1856.00 0.01092744
1857.00 0.01089006
1858.00 0.01085266
1859.00 0.01081526
1860.00 0.01077786
1861.00 0.01074046
1862.00 0.01070307
1863.00 0.01066566
1864.00 0.01062827
1865.00 0.01059087
1866.00 0.01055347
1867.00 0.01051606
1868.00 0.01047866
1869.00 0.01044126
1870.00 0.01040385
1871.00 0.01036645
1872.00 0.01032905
1873.00 0.01029165
1874.00 0.01025424
1875.00 0.01021684
1876.00 0.01017944
1877.00 0.01014203
1878.00 0.01010462
1879.00 0.01006722
1880.00 0.01002982
1881.00 0.009992419
1882.00 0.009955016
1883.00 0.009917615
1884.00 0.009880211
1885.00 0.009842808
1886.00 0.009805419
1887.00 0.009768011
1888.00 0.009730615
1889.00 0.009693216
1890.00 0.009655825
1891.00 0.009618432
1892.00 0.009581038
1893.00 0.009543644
1894.00 0.009506248
1895.00 0.009468862
1896.00 0.009431471
1897.00 0.009394084
1898.00 0.009356703
1899.00 0.009319323
1900.00 0.009281942
1901.00 0.009244558
1902.00 0.009207179
1903.00 0.0091698
1904.00 0.009132428
1905.00 0.009095056
1906.00 0.009057682
1907.00 0.009020324
1908.00 0.00898295
1909.00 0.008945585
1910.00 0.008908226
1911.00 0.008870863
1912.00 0.008833504
1913.00 0.008796154
1914.00 0.008758799
1915.00 0.008721451
1916.00 0.008684101
1917.00 0.008646758
1918.00 0.00860942
1919.00 0.00857208
1920.00 0.008534747
1921.00 0.008497406
1922.00 0.008460083
1923.00 0.008422757
1924.00 0.008385431
1925.00 0.00834811
1926.00 0.008310798
1927.00 0.00827348
1928.00 0.008236176
1929.00 0.008198869
1930.00 0.008161558
1931.00 0.008124263
1932.00 0.008086969
1933.00 0.008049672
1934.00 0.008012383
1935.00 0.007975105
1936.00 0.007937823
1937.00 0.007900541
1938.00 0.007863275
1939.00 0.007826005
1940.00 0.007788737
1941.00 0.007751479
1942.00 0.007714223
1943.00 0.007676965
1944.00 0.007639719
1945.00 0.007602481
1946.00 0.007565239
1947.00 0.00752801
1948.00 0.007490774
1949.00 0.007453555
1950.00 0.007416326
1951.00 0.007379116
1952.00 0.007341904
1953.00 0.007304701
1954.00 0.007267501
1955.00 0.007230301
1956.00 0.007193111
1957.00 0.007155928
1958.00 0.007118745
1959.00 0.007081569
1960.00 0.007044401
1961.00 0.007007232
1962.00 0.006970076
1963.00 0.006932924
1964.00 0.00689577
1965.00 0.006858633
1966.00 0.006821498
1967.00 0.006784366
1968.00 0.006747241
1969.00 0.006710121
1970.00 0.006673018
1971.00 0.00663591
1972.00 0.006598809
1973.00 0.006561718
1974.00 0.006524634
1975.00 0.006487558
1976.00 0.006450483
1977.00 0.006413421
1978.00 0.006376362
1979.00 0.006339312
1980.00 0.006302269
1981.00 0.006265239
1982.00 0.006228206
1983.00 0.006191187
1984.00 0.006154176
1985.00 0.006117174
1986.00 0.006080178
1987.00 0.006043188
1988.00 0.006006211
1989.00 0.005969236
1990.00 0.005932271
1991.00 0.005895315
1992.00 0.005858372
1993.00 0.005821433
1994.00 0.0057845
1995.00 0.005747576
1996.00 0.005710668
1997.00 0.005673764
1998.00 0.005636866
1999.00 0.005599979
2000.00 0.005563103
2001.00 0.005526232
2002.00 0.005489373
2003.00 0.00545252
2004.00 0.005415678
2005.00 0.005378841
2006.00 0.005342016
2007.00 0.005305203
2008.00 0.0052684
2009.00 0.005231605
2010.00 0.005194816
2011.00 0.005194165
2012.00 0.005193523
2013.00 0.005192875
2014.00 0.005192231
2015.00 0.005191585
2016.00 0.005190941
2017.00 0.005190294
2018.00 0.005189655
2019.00 0.005189014
2020.00 0.005188372
2021.00 0.005187733
2022.00 0.005187092
2023.00 0.005186453
2024.00 0.005185819
2025.00 0.005185182
2026.00 0.005184545
2027.00 0.005183909
2028.00 0.005183277
2029.00 0.00518265
2030.00 0.005182018
2031.00 0.005181396
2032.00 0.005180772
2033.00 0.005180142
2034.00 0.005179513
2035.00 0.005178896
2036.00 0.005178276
2037.00 0.005177661
2038.00 0.005177044
2039.00 0.005176427
2040.00 0.005175822
2041.00 0.005175202
2042.00 0.005174594
2043.00 0.005173992
2044.00 0.005173384
2045.00 0.005172786
2046.00 0.005172183
2047.00 0.005171583
2048.00 0.00517099
2049.00 0.005170399
2050.00 0.005169806
2051.00 0.005169218
2052.00 0.005168632
2053.00 0.005168051
2054.00 0.005167473
2055.00 0.005166894
2056.00 0.005166318
2057.00 0.005165749
2058.00 0.005165183
2059.00 0.005164614
2060.00 0.005164048
2061.00 0.005163491
2062.00 0.005162934
2063.00 0.00516238
2064.00 0.005161828
2065.00 0.005161276
2066.00 0.005160736
2067.00 0.005160192
2068.00 0.005159657
2069.00 0.005159122
2070.00 0.005158587
2071.00 0.005158066
2072.00 0.005157539
2073.00 0.005157018
2074.00 0.005156505
2075.00 0.005155994
2076.00 0.005155484
2077.00 0.00515498
2078.00 0.005154477
2079.00 0.005153978
2080.00 0.005153489
2081.00 0.005152998
2082.00 0.005152513
2083.00 0.005152034
2084.00 0.005151552
2085.00 0.005151085
2086.00 0.005150616
2087.00 0.005150148
2088.00 0.005149696
2089.00 0.005149236
2090.00 0.005148783
2091.00 0.00514834
2092.00 0.005147897
2093.00 0.005147462
2094.00 0.005147028
2095.00 0.0051466
2096.00 0.005146176
2097.00 0.005145762
2098.00 0.005145351
2099.00 0.005144942
2100.00 0.005144537
2101.00 0.005144138
2102.00 0.005143751
2103.00 0.005143359
2104.00 0.005142979
2105.00 0.005142606
2106.00 0.005142233
2107.00 0.00514186
2108.00 0.005141502
2109.00 0.005141146
2110.00 0.005140795
2111.00 0.005140456
2112.00 0.005140113
2113.00 0.005139781
2114.00 0.005139457
2115.00 0.005139132
2116.00 0.005138813
2117.00 0.005138505
2118.00 0.005138205
2119.00 0.005137905
2120.00 0.005137615
2121.00 0.005137331
2122.00 0.005137051
2123.00 0.005136775
2124.00 0.005136511
2125.00 0.005136242
2126.00 0.005135998
2127.00 0.005135748
2128.00 0.005135504
2129.00 0.005135271
2130.00 0.005135039
2131.00 0.005134816
2132.00 0.005134606
2133.00 0.00513439
2134.00 0.005134189
2135.00 0.005134001
2136.00 0.005133809
2137.00 0.005133625
2138.00 0.005133451
2139.00 0.005133284
2140.00 0.005133124
2141.00 0.005132972
2142.00 0.005132822
2143.00 0.005132686
2144.00 0.005132553
2145.00 0.00513243
2146.00 0.005132316
2147.00 0.005132204
2148.00 0.0051321
2149.00 0.005132008
2150.00 0.005131921
2151.00 0.005131844
2152.00 0.005131769
2153.00 0.005131703
2154.00 0.005131645
2155.00 0.005131602
2156.00 0.005131561
2157.00 0.005131527
2158.00 0.005131502
2159.00 0.005131488
2160.00 0.005131481
2161.00 0.005131478
2162.00 0.005131486
2163.00 0.005131505
2164.00 0.005131524
2165.00 0.005131561
2166.00 0.005131599
2167.00 0.005131653
2168.00 0.005131708
2169.00 0.005131774
2170.00 0.005131851
2171.00 0.005131936
2172.00 0.005132033
2173.00 0.005132132
2174.00 0.005132241
2175.00 0.005132359
2176.00 0.00513249
2177.00 0.005132626
2178.00 0.005132773
2179.00 0.005132928
2180.00 0.005133095
2181.00 0.00513327
2182.00 0.005133451
2183.00 0.005133642
2184.00 0.005133841
2185.00 0.005134056
2186.00 0.005134274
2187.00 0.005134506
2188.00 0.005134744
2189.00 0.005134993
2190.00 0.00513525
2191.00 0.005135518
2192.00 0.005135799
2193.00 0.005136094
2194.00 0.005136387
2195.00 0.005136697
2196.00 0.005137012
2197.00 0.005137339
2198.00 0.005137675
2199.00 0.005138026
2200.00 0.005138387
2201.00 0.005138757
2202.00 0.005139135
2203.00 0.00513952
2204.00 0.005139921
2205.00 0.00514033
2206.00 0.005140754
2207.00 0.00514119
2208.00 0.005141633
2209.00 0.005142083
2210.00 0.005142548
2211.00 0.00514302
2212.00 0.005143504
2213.00 0.005144003
2214.00 0.005144506
2215.00 0.005145026
2216.00 0.005145557
2217.00 0.005146096
2218.00 0.005146646
2219.00 0.005147212
2220.00 0.005147788
2221.00 0.005148372
2222.00 0.00514897
2223.00 0.005149575
2224.00 0.005150194
2225.00 0.005150829
2226.00 0.005151468
2227.00 0.005152129
2228.00 0.005152794
2229.00 0.005153474
2230.00 0.005154167
2231.00 0.005154864
2232.00 0.005155578
2233.00 0.005156304
2234.00 0.005157045
2235.00 0.005157793
2236.00 0.00515856
2237.00 0.005159327
2238.00 0.005160117
2239.00 0.005160913
2240.00 0.005161729
2241.00 0.005162549
2242.00 0.005163389
2243.00 0.005164239
2244.00 0.005165098
2245.00 0.005165974
2246.00 0.005166853
2247.00 0.005167749
2248.00 0.005168654
2249.00 0.005169579
2250.00 0.005170508
2251.00 0.005171457
2252.00 0.005172411
2253.00 0.005173374
2254.00 0.005174357
2255.00 0.005175347
2256.00 0.005176344
2257.00 0.005177361
2258.00 0.00517838
2259.00 0.005179426
2260.00 0.005180474
2261.00 0.005181529
2262.00 0.005182602
2263.00 0.005183681
2264.00 0.005184778
2265.00 0.005185879
2266.00 0.005186995
2267.00 0.005188118
2268.00 0.005189261
2269.00 0.005190408
2270.00 0.005191568
2271.00 0.005192739
2272.00 0.005193918
2273.00 0.005195114
2274.00 0.005196314
2275.00 0.00519753
2276.00 0.005198759
2277.00 0.005199987
2278.00 0.00520124
2279.00 0.005202494
2280.00 0.005203765
2281.00 0.005205041
2282.00 0.005206331
2283.00 0.005207628
2284.00 0.00520894
2285.00 0.00521026
2286.00 0.005211589
2287.00 0.005212932
2288.00 0.005214283
2289.00 0.005215645
2290.00 0.005217018
2291.00 0.0052184
2292.00 0.00521979
2293.00 0.005221191
2294.00 0.005222597
2295.00 0.005224023
2296.00 0.005225459
2297.00 0.005226901
2298.00 0.005228356
2299.00 0.005229811
2300.00 0.005231283
2301.00 0.005232766
2302.00 0.005234258
2303.00 0.005235758
2304.00 0.005237269
2305.00 0.005238787
2306.00 0.005240316
2307.00 0.005241856
2308.00 0.005243403
2309.00 0.005244964
2310.00 0.005246528
2311.00 0.005248106
2312.00 0.005249691
2313.00 0.005251284
2314.00 0.005252884
2315.00 0.005254501
2316.00 0.005256125
2317.00 0.005257754
2318.00 0.005259396
2319.00 0.005261044
2320.00 0.005262705
2321.00 0.005264375
2322.00 0.005266048
2323.00 0.005267735
2324.00 0.005269432
2325.00 0.005271133
2326.00 0.005272842
2327.00 0.005274563
2328.00 0.005276294
2329.00 0.005278034
2330.00 0.005279777
2331.00 0.005281532
2332.00 0.005283297
2333.00 0.005285069
2334.00 0.005286853
2335.00 0.005288644
2336.00 0.005290438
2337.00 0.005292243
2338.00 0.005294056
2339.00 0.005295877
2340.00 0.005297709
2341.00 0.005299549
2342.00 0.005301393
2343.00 0.005303243
2344.00 0.005305107
2345.00 0.005306978
2346.00 0.005308854
2347.00 0.005310739
2348.00 0.005312637
2349.00 0.005314542
2350.00 0.005316447
2351.00 0.005318364
2352.00 0.005320291
2353.00 0.005322223
2354.00 0.005324164
2355.00 0.005326113
2356.00 0.005328069
2357.00 0.005330032
2358.00 0.005332002
2359.00 0.005333977
2360.00 0.005335962
2361.00 0.005337954
2362.00 0.005339951
2363.00 0.00534196
2364.00 0.005343972
2365.00 0.005345996
2366.00 0.005348022
2367.00 0.005350057
2368.00 0.005352108
2369.00 0.005354153
2370.00 0.005356203
2371.00 0.005358271
2372.00 0.00536034
2373.00 0.005362419
2374.00 0.005364499
2375.00 0.005366588
2376.00 0.005368686
2377.00 0.005370792
2378.00 0.005372901
2379.00 0.005375016
2380.00 0.005377142
2381.00 0.005379269
2382.00 0.005381407
2383.00 0.005383549
2384.00 0.005385699
2385.00 0.005387853
2386.00 0.005390014
2387.00 0.005392181
2388.00 0.005394355
2389.00 0.005396533
2390.00 0.005398719
2391.00 0.00540091
2392.00 0.005403117
2393.00 0.005405315
2394.00 0.005407528
2395.00 0.005409745
2396.00 0.005411965
2397.00 0.005414194
2398.00 0.005416428
2399.00 0.00541866
2400.00 0.005420906
2401.00 0.005423158
2402.00 0.005425414
2403.00 0.005427677
2404.00 0.005429945
2405.00 0.005432215
2406.00 0.005434493
2407.00 0.005436776
2408.00 0.005439068
2409.00 0.005441358
2410.00 0.005443655
2411.00 0.005445957
2412.00 0.005448271
2413.00 0.005450586
2414.00 0.005452907
2415.00 0.005455228
2416.00 0.005457559
2417.00 0.005459898
2418.00 0.005462234
2419.00 0.005464577
2420.00 0.005466927
2421.00 0.005469277
2422.00 0.00547164
2423.00 0.005474
2424.00 0.00547637
2425.00 0.00547874
2426.00 0.005481119
2427.00 0.005483496
2428.00 0.005485885
2429.00 0.005488274
2430.00 0.005490666
2431.00 0.005493067
2432.00 0.005495473
2433.00 0.005497879
2434.00 0.005500288
2435.00 0.005502704
2436.00 0.005505127
2437.00 0.005507547
2438.00 0.005509973
2439.00 0.005512406
2440.00 0.005514841
2441.00 0.005517278
2442.00 0.005519728
2443.00 0.00552217
2444.00 0.005524618
2445.00 0.005527075
2446.00 0.005529527
2447.00 0.005531993
2448.00 0.00553446
2449.00 0.005536926
2450.00 0.005539403
2451.00 0.005541872
2452.00 0.005544353
2453.00 0.005546834
2454.00 0.005549325
2455.00 0.005551806
2456.00 0.005554302
2457.00 0.005556795
2458.00 0.00555929
2459.00 0.005561793
2460.00 0.005564304
2461.00 0.005566802
2462.00 0.005569314
2463.00 0.005571824
2464.00 0.005574344
2465.00 0.005576859
2466.00 0.005579379
2467.00 0.005581901
2468.00 0.005584429
2469.00 0.005586953
2470.00 0.005589485
2471.00 0.005592022
2472.00 0.005594556
2473.00 0.005597096
2474.00 0.005599637
2475.00 0.005602174
2476.00 0.005604725
2477.00 0.005607274
2478.00 0.005609823
2479.00 0.005612372
2480.00 0.005614928
2481.00 0.00561748
2482.00 0.005620036
2483.00 0.005622602
2484.00 0.005625163
2485.00 0.005627724
2486.00 0.005630282
2487.00 0.005632851
2488.00 0.005635424
2489.00 0.00563799
2490.00 0.00564056
2491.00 0.005643138
2492.00 0.005645709
2493.00 0.005648287
2494.00 0.005650862
2495.00 0.005653438
2496.00 0.005656013
2497.00 0.005658599
2498.00 0.005661181
2499.00 0.005663764
2500.00 0.005666352
